{
 "cells": [
  {
   "cell_type": "markdown",
   "metadata": {},
   "source": [
    "# **Dataset Preparation & Preprocessing**"
   ]
  },
  {
   "cell_type": "markdown",
   "metadata": {},
   "source": [
    "## Load Data"
   ]
  },
  {
   "cell_type": "code",
   "execution_count": 37,
   "metadata": {},
   "outputs": [
    {
     "data": {
      "text/html": [
       "<div>\n",
       "<style scoped>\n",
       "    .dataframe tbody tr th:only-of-type {\n",
       "        vertical-align: middle;\n",
       "    }\n",
       "\n",
       "    .dataframe tbody tr th {\n",
       "        vertical-align: top;\n",
       "    }\n",
       "\n",
       "    .dataframe thead th {\n",
       "        text-align: right;\n",
       "    }\n",
       "</style>\n",
       "<table border=\"1\" class=\"dataframe\">\n",
       "  <thead>\n",
       "    <tr style=\"text-align: right;\">\n",
       "      <th></th>\n",
       "      <th>4</th>\n",
       "    </tr>\n",
       "  </thead>\n",
       "  <tbody>\n",
       "    <tr>\n",
       "      <th>0</th>\n",
       "      <td>Iris-setosa</td>\n",
       "    </tr>\n",
       "    <tr>\n",
       "      <th>1</th>\n",
       "      <td>Iris-setosa</td>\n",
       "    </tr>\n",
       "    <tr>\n",
       "      <th>2</th>\n",
       "      <td>Iris-setosa</td>\n",
       "    </tr>\n",
       "    <tr>\n",
       "      <th>3</th>\n",
       "      <td>Iris-setosa</td>\n",
       "    </tr>\n",
       "    <tr>\n",
       "      <th>4</th>\n",
       "      <td>Iris-setosa</td>\n",
       "    </tr>\n",
       "    <tr>\n",
       "      <th>...</th>\n",
       "      <td>...</td>\n",
       "    </tr>\n",
       "    <tr>\n",
       "      <th>145</th>\n",
       "      <td>Iris-virginica</td>\n",
       "    </tr>\n",
       "    <tr>\n",
       "      <th>146</th>\n",
       "      <td>Iris-virginica</td>\n",
       "    </tr>\n",
       "    <tr>\n",
       "      <th>147</th>\n",
       "      <td>Iris-virginica</td>\n",
       "    </tr>\n",
       "    <tr>\n",
       "      <th>148</th>\n",
       "      <td>Iris-virginica</td>\n",
       "    </tr>\n",
       "    <tr>\n",
       "      <th>149</th>\n",
       "      <td>Iris-virginica</td>\n",
       "    </tr>\n",
       "  </tbody>\n",
       "</table>\n",
       "<p>150 rows × 1 columns</p>\n",
       "</div>"
      ],
      "text/plain": [
       "                  4\n",
       "0       Iris-setosa\n",
       "1       Iris-setosa\n",
       "2       Iris-setosa\n",
       "3       Iris-setosa\n",
       "4       Iris-setosa\n",
       "..              ...\n",
       "145  Iris-virginica\n",
       "146  Iris-virginica\n",
       "147  Iris-virginica\n",
       "148  Iris-virginica\n",
       "149  Iris-virginica\n",
       "\n",
       "[150 rows x 1 columns]"
      ]
     },
     "execution_count": 37,
     "metadata": {},
     "output_type": "execute_result"
    }
   ],
   "source": [
    "# đọc dữ liệu\n",
    "import pandas as pd\n",
    "data = pd.read_csv('resources/iris.data', header = None)\n",
    "value = data.loc[:,data.columns != 4]\n",
    "value = value.select_dtypes(include=[\"float64\", \"int64\"])\n",
    "label = data.loc[:, data.columns ==4]\n",
    "label"
   ]
  },
  {
   "cell_type": "code",
   "execution_count": 38,
   "metadata": {},
   "outputs": [
    {
     "data": {
      "text/html": [
       "<div>\n",
       "<style scoped>\n",
       "    .dataframe tbody tr th:only-of-type {\n",
       "        vertical-align: middle;\n",
       "    }\n",
       "\n",
       "    .dataframe tbody tr th {\n",
       "        vertical-align: top;\n",
       "    }\n",
       "\n",
       "    .dataframe thead th {\n",
       "        text-align: right;\n",
       "    }\n",
       "</style>\n",
       "<table border=\"1\" class=\"dataframe\">\n",
       "  <thead>\n",
       "    <tr style=\"text-align: right;\">\n",
       "      <th></th>\n",
       "      <th>0</th>\n",
       "      <th>1</th>\n",
       "      <th>2</th>\n",
       "      <th>3</th>\n",
       "    </tr>\n",
       "  </thead>\n",
       "  <tbody>\n",
       "    <tr>\n",
       "      <th>0</th>\n",
       "      <td>5.1</td>\n",
       "      <td>3.5</td>\n",
       "      <td>1.4</td>\n",
       "      <td>0.2</td>\n",
       "    </tr>\n",
       "    <tr>\n",
       "      <th>1</th>\n",
       "      <td>4.9</td>\n",
       "      <td>3.0</td>\n",
       "      <td>1.4</td>\n",
       "      <td>0.2</td>\n",
       "    </tr>\n",
       "    <tr>\n",
       "      <th>2</th>\n",
       "      <td>4.7</td>\n",
       "      <td>3.2</td>\n",
       "      <td>1.3</td>\n",
       "      <td>0.2</td>\n",
       "    </tr>\n",
       "    <tr>\n",
       "      <th>3</th>\n",
       "      <td>4.6</td>\n",
       "      <td>3.1</td>\n",
       "      <td>1.5</td>\n",
       "      <td>0.2</td>\n",
       "    </tr>\n",
       "    <tr>\n",
       "      <th>4</th>\n",
       "      <td>5.0</td>\n",
       "      <td>3.6</td>\n",
       "      <td>1.4</td>\n",
       "      <td>0.2</td>\n",
       "    </tr>\n",
       "    <tr>\n",
       "      <th>...</th>\n",
       "      <td>...</td>\n",
       "      <td>...</td>\n",
       "      <td>...</td>\n",
       "      <td>...</td>\n",
       "    </tr>\n",
       "    <tr>\n",
       "      <th>145</th>\n",
       "      <td>6.7</td>\n",
       "      <td>3.0</td>\n",
       "      <td>5.2</td>\n",
       "      <td>2.3</td>\n",
       "    </tr>\n",
       "    <tr>\n",
       "      <th>146</th>\n",
       "      <td>6.3</td>\n",
       "      <td>2.5</td>\n",
       "      <td>5.0</td>\n",
       "      <td>1.9</td>\n",
       "    </tr>\n",
       "    <tr>\n",
       "      <th>147</th>\n",
       "      <td>6.5</td>\n",
       "      <td>3.0</td>\n",
       "      <td>5.2</td>\n",
       "      <td>2.0</td>\n",
       "    </tr>\n",
       "    <tr>\n",
       "      <th>148</th>\n",
       "      <td>6.2</td>\n",
       "      <td>3.4</td>\n",
       "      <td>5.4</td>\n",
       "      <td>2.3</td>\n",
       "    </tr>\n",
       "    <tr>\n",
       "      <th>149</th>\n",
       "      <td>5.9</td>\n",
       "      <td>3.0</td>\n",
       "      <td>5.1</td>\n",
       "      <td>1.8</td>\n",
       "    </tr>\n",
       "  </tbody>\n",
       "</table>\n",
       "<p>150 rows × 4 columns</p>\n",
       "</div>"
      ],
      "text/plain": [
       "       0    1    2    3\n",
       "0    5.1  3.5  1.4  0.2\n",
       "1    4.9  3.0  1.4  0.2\n",
       "2    4.7  3.2  1.3  0.2\n",
       "3    4.6  3.1  1.5  0.2\n",
       "4    5.0  3.6  1.4  0.2\n",
       "..   ...  ...  ...  ...\n",
       "145  6.7  3.0  5.2  2.3\n",
       "146  6.3  2.5  5.0  1.9\n",
       "147  6.5  3.0  5.2  2.0\n",
       "148  6.2  3.4  5.4  2.3\n",
       "149  5.9  3.0  5.1  1.8\n",
       "\n",
       "[150 rows x 4 columns]"
      ]
     },
     "execution_count": 38,
     "metadata": {},
     "output_type": "execute_result"
    }
   ],
   "source": [
    "data.loc[:,data.columns != 4]"
   ]
  },
  {
   "cell_type": "code",
   "execution_count": 39,
   "metadata": {},
   "outputs": [],
   "source": [
    "# Xử lý nhãn dư, đếm nhãn\n",
    "import numpy as np\n",
    "label_list = pd.unique(label[label.columns[0]])\n",
    "label_list = label_list.tolist()\n",
    "num_class = len(label_list)\n",
    "label_data =label[label.columns[0]].values.tolist()\n",
    "label_count = np.array(label[label.columns[0]].value_counts())\n"
   ]
  },
  {
   "cell_type": "code",
   "execution_count": 40,
   "metadata": {},
   "outputs": [
    {
     "name": "stdout",
     "output_type": "stream",
     "text": [
      "['Iris-setosa', 'Iris-versicolor', 'Iris-virginica']\n"
     ]
    }
   ],
   "source": [
    "print(label_list)"
   ]
  },
  {
   "cell_type": "code",
   "execution_count": 41,
   "metadata": {},
   "outputs": [
    {
     "name": "stdout",
     "output_type": "stream",
     "text": [
      "(150, 4)\n"
     ]
    },
    {
     "data": {
      "text/plain": [
       "array([[5.1, 3.5, 1.4, 0.2],\n",
       "       [4.9, 3. , 1.4, 0.2],\n",
       "       [4.7, 3.2, 1.3, 0.2],\n",
       "       [4.6, 3.1, 1.5, 0.2],\n",
       "       [5. , 3.6, 1.4, 0.2],\n",
       "       [5.4, 3.9, 1.7, 0.4],\n",
       "       [4.6, 3.4, 1.4, 0.3],\n",
       "       [5. , 3.4, 1.5, 0.2],\n",
       "       [4.4, 2.9, 1.4, 0.2],\n",
       "       [4.9, 3.1, 1.5, 0.1],\n",
       "       [5.4, 3.7, 1.5, 0.2],\n",
       "       [4.8, 3.4, 1.6, 0.2],\n",
       "       [4.8, 3. , 1.4, 0.1],\n",
       "       [4.3, 3. , 1.1, 0.1],\n",
       "       [5.8, 4. , 1.2, 0.2],\n",
       "       [5.7, 4.4, 1.5, 0.4],\n",
       "       [5.4, 3.9, 1.3, 0.4],\n",
       "       [5.1, 3.5, 1.4, 0.3],\n",
       "       [5.7, 3.8, 1.7, 0.3],\n",
       "       [5.1, 3.8, 1.5, 0.3],\n",
       "       [5.4, 3.4, 1.7, 0.2],\n",
       "       [5.1, 3.7, 1.5, 0.4],\n",
       "       [4.6, 3.6, 1. , 0.2],\n",
       "       [5.1, 3.3, 1.7, 0.5],\n",
       "       [4.8, 3.4, 1.9, 0.2],\n",
       "       [5. , 3. , 1.6, 0.2],\n",
       "       [5. , 3.4, 1.6, 0.4],\n",
       "       [5.2, 3.5, 1.5, 0.2],\n",
       "       [5.2, 3.4, 1.4, 0.2],\n",
       "       [4.7, 3.2, 1.6, 0.2],\n",
       "       [4.8, 3.1, 1.6, 0.2],\n",
       "       [5.4, 3.4, 1.5, 0.4],\n",
       "       [5.2, 4.1, 1.5, 0.1],\n",
       "       [5.5, 4.2, 1.4, 0.2],\n",
       "       [4.9, 3.1, 1.5, 0.1],\n",
       "       [5. , 3.2, 1.2, 0.2],\n",
       "       [5.5, 3.5, 1.3, 0.2],\n",
       "       [4.9, 3.1, 1.5, 0.1],\n",
       "       [4.4, 3. , 1.3, 0.2],\n",
       "       [5.1, 3.4, 1.5, 0.2],\n",
       "       [5. , 3.5, 1.3, 0.3],\n",
       "       [4.5, 2.3, 1.3, 0.3],\n",
       "       [4.4, 3.2, 1.3, 0.2],\n",
       "       [5. , 3.5, 1.6, 0.6],\n",
       "       [5.1, 3.8, 1.9, 0.4],\n",
       "       [4.8, 3. , 1.4, 0.3],\n",
       "       [5.1, 3.8, 1.6, 0.2],\n",
       "       [4.6, 3.2, 1.4, 0.2],\n",
       "       [5.3, 3.7, 1.5, 0.2],\n",
       "       [5. , 3.3, 1.4, 0.2],\n",
       "       [7. , 3.2, 4.7, 1.4],\n",
       "       [6.4, 3.2, 4.5, 1.5],\n",
       "       [6.9, 3.1, 4.9, 1.5],\n",
       "       [5.5, 2.3, 4. , 1.3],\n",
       "       [6.5, 2.8, 4.6, 1.5],\n",
       "       [5.7, 2.8, 4.5, 1.3],\n",
       "       [6.3, 3.3, 4.7, 1.6],\n",
       "       [4.9, 2.4, 3.3, 1. ],\n",
       "       [6.6, 2.9, 4.6, 1.3],\n",
       "       [5.2, 2.7, 3.9, 1.4],\n",
       "       [5. , 2. , 3.5, 1. ],\n",
       "       [5.9, 3. , 4.2, 1.5],\n",
       "       [6. , 2.2, 4. , 1. ],\n",
       "       [6.1, 2.9, 4.7, 1.4],\n",
       "       [5.6, 2.9, 3.6, 1.3],\n",
       "       [6.7, 3.1, 4.4, 1.4],\n",
       "       [5.6, 3. , 4.5, 1.5],\n",
       "       [5.8, 2.7, 4.1, 1. ],\n",
       "       [6.2, 2.2, 4.5, 1.5],\n",
       "       [5.6, 2.5, 3.9, 1.1],\n",
       "       [5.9, 3.2, 4.8, 1.8],\n",
       "       [6.1, 2.8, 4. , 1.3],\n",
       "       [6.3, 2.5, 4.9, 1.5],\n",
       "       [6.1, 2.8, 4.7, 1.2],\n",
       "       [6.4, 2.9, 4.3, 1.3],\n",
       "       [6.6, 3. , 4.4, 1.4],\n",
       "       [6.8, 2.8, 4.8, 1.4],\n",
       "       [6.7, 3. , 5. , 1.7],\n",
       "       [6. , 2.9, 4.5, 1.5],\n",
       "       [5.7, 2.6, 3.5, 1. ],\n",
       "       [5.5, 2.4, 3.8, 1.1],\n",
       "       [5.5, 2.4, 3.7, 1. ],\n",
       "       [5.8, 2.7, 3.9, 1.2],\n",
       "       [6. , 2.7, 5.1, 1.6],\n",
       "       [5.4, 3. , 4.5, 1.5],\n",
       "       [6. , 3.4, 4.5, 1.6],\n",
       "       [6.7, 3.1, 4.7, 1.5],\n",
       "       [6.3, 2.3, 4.4, 1.3],\n",
       "       [5.6, 3. , 4.1, 1.3],\n",
       "       [5.5, 2.5, 4. , 1.3],\n",
       "       [5.5, 2.6, 4.4, 1.2],\n",
       "       [6.1, 3. , 4.6, 1.4],\n",
       "       [5.8, 2.6, 4. , 1.2],\n",
       "       [5. , 2.3, 3.3, 1. ],\n",
       "       [5.6, 2.7, 4.2, 1.3],\n",
       "       [5.7, 3. , 4.2, 1.2],\n",
       "       [5.7, 2.9, 4.2, 1.3],\n",
       "       [6.2, 2.9, 4.3, 1.3],\n",
       "       [5.1, 2.5, 3. , 1.1],\n",
       "       [5.7, 2.8, 4.1, 1.3],\n",
       "       [6.3, 3.3, 6. , 2.5],\n",
       "       [5.8, 2.7, 5.1, 1.9],\n",
       "       [7.1, 3. , 5.9, 2.1],\n",
       "       [6.3, 2.9, 5.6, 1.8],\n",
       "       [6.5, 3. , 5.8, 2.2],\n",
       "       [7.6, 3. , 6.6, 2.1],\n",
       "       [4.9, 2.5, 4.5, 1.7],\n",
       "       [7.3, 2.9, 6.3, 1.8],\n",
       "       [6.7, 2.5, 5.8, 1.8],\n",
       "       [7.2, 3.6, 6.1, 2.5],\n",
       "       [6.5, 3.2, 5.1, 2. ],\n",
       "       [6.4, 2.7, 5.3, 1.9],\n",
       "       [6.8, 3. , 5.5, 2.1],\n",
       "       [5.7, 2.5, 5. , 2. ],\n",
       "       [5.8, 2.8, 5.1, 2.4],\n",
       "       [6.4, 3.2, 5.3, 2.3],\n",
       "       [6.5, 3. , 5.5, 1.8],\n",
       "       [7.7, 3.8, 6.7, 2.2],\n",
       "       [7.7, 2.6, 6.9, 2.3],\n",
       "       [6. , 2.2, 5. , 1.5],\n",
       "       [6.9, 3.2, 5.7, 2.3],\n",
       "       [5.6, 2.8, 4.9, 2. ],\n",
       "       [7.7, 2.8, 6.7, 2. ],\n",
       "       [6.3, 2.7, 4.9, 1.8],\n",
       "       [6.7, 3.3, 5.7, 2.1],\n",
       "       [7.2, 3.2, 6. , 1.8],\n",
       "       [6.2, 2.8, 4.8, 1.8],\n",
       "       [6.1, 3. , 4.9, 1.8],\n",
       "       [6.4, 2.8, 5.6, 2.1],\n",
       "       [7.2, 3. , 5.8, 1.6],\n",
       "       [7.4, 2.8, 6.1, 1.9],\n",
       "       [7.9, 3.8, 6.4, 2. ],\n",
       "       [6.4, 2.8, 5.6, 2.2],\n",
       "       [6.3, 2.8, 5.1, 1.5],\n",
       "       [6.1, 2.6, 5.6, 1.4],\n",
       "       [7.7, 3. , 6.1, 2.3],\n",
       "       [6.3, 3.4, 5.6, 2.4],\n",
       "       [6.4, 3.1, 5.5, 1.8],\n",
       "       [6. , 3. , 4.8, 1.8],\n",
       "       [6.9, 3.1, 5.4, 2.1],\n",
       "       [6.7, 3.1, 5.6, 2.4],\n",
       "       [6.9, 3.1, 5.1, 2.3],\n",
       "       [5.8, 2.7, 5.1, 1.9],\n",
       "       [6.8, 3.2, 5.9, 2.3],\n",
       "       [6.7, 3.3, 5.7, 2.5],\n",
       "       [6.7, 3. , 5.2, 2.3],\n",
       "       [6.3, 2.5, 5. , 1.9],\n",
       "       [6.5, 3. , 5.2, 2. ],\n",
       "       [6.2, 3.4, 5.4, 2.3],\n",
       "       [5.9, 3. , 5.1, 1.8]])"
      ]
     },
     "execution_count": 41,
     "metadata": {},
     "output_type": "execute_result"
    }
   ],
   "source": [
    "import numpy as np\n",
    "X = np.array(value)\n",
    "n = X.shape[0]\n",
    "p = X.shape[1]\n",
    "print(X.shape)\n",
    "X"
   ]
  },
  {
   "cell_type": "markdown",
   "metadata": {},
   "source": [
    "## Generate U_ngang , V"
   ]
  },
  {
   "cell_type": "code",
   "execution_count": 42,
   "metadata": {},
   "outputs": [],
   "source": [
    "dict_cluster = {}"
   ]
  },
  {
   "cell_type": "code",
   "execution_count": 43,
   "metadata": {},
   "outputs": [],
   "source": [
    "c = 0\n",
    "def set_c(input):\n",
    "    global c\n",
    "    c = input"
   ]
  },
  {
   "cell_type": "code",
   "execution_count": 44,
   "metadata": {},
   "outputs": [],
   "source": [
    "from random import random\n",
    "import random\n",
    "\n",
    "def generate_U_ngang(k1):\n",
    "    global U_ngang\n",
    "    global index_x_giamsat\n",
    "    global sum_i\n",
    "    U_ngang = np.zeros((n,c))\n",
    "    \n",
    "    \n",
    "    index_x_giamsat = random.sample(range(n),k1)# CHọn k1 vector x từ n vector x ban đầu  \n",
    "    index_x_giamsat = np.sort(index_x_giamsat)\n",
    "\n",
    "    for i in range(k1):\n",
    "        if len(dict_cluster) == 0 :\n",
    "            c1= random.randint(0,c-1)\n",
    "        else:\n",
    "            c1= dict_cluster[label_data[index_x_giamsat[i]]]\n",
    "            #Chọn vị trí cụm giám sát\n",
    "        U_ngang[index_x_giamsat[i]][c1] = 0.5     \n",
    "    sum_i= sum(U_ngang.T)\n",
    "# #Maxtrix U_ngang\n",
    "# for i in range(n):\n",
    "#     print(str(i) +\" : \"+ str(U_ngang[i]))"
   ]
  },
  {
   "cell_type": "code",
   "execution_count": 45,
   "metadata": {},
   "outputs": [],
   "source": [
    "#Maxtrix V sinh ngau nhien\n",
    "\n",
    "def generate_V():\n",
    "    global V\n",
    "    V = np.random.rand(c,p) "
   ]
  },
  {
   "cell_type": "markdown",
   "metadata": {},
   "source": [
    "## Function 4 ,6"
   ]
  },
  {
   "cell_type": "code",
   "execution_count": 46,
   "metadata": {},
   "outputs": [],
   "source": [
    "# Tinh d_ki (trong cong thuc 6)\n",
    "def d_ki(k, i):\n",
    "    kq = sum(  pow(X[k] - V[i], 2) )\n",
    "    return kq     "
   ]
  },
  {
   "cell_type": "code",
   "execution_count": 47,
   "metadata": {},
   "outputs": [],
   "source": [
    "#Cong thuc so 6\n",
    "\n",
    "\n",
    "\n",
    "def cong_thuc_6(m):\n",
    "    Z = np.zeros((n,c))\n",
    "    #tu day suy ra U = U_ngang + Z ta tinh Z\n",
    "\n",
    "    D = np.zeros((n,c))\n",
    "    for k in range(n):\n",
    "        for i in range(c):\n",
    "            D[k][i] = pow(d_ki(k,i),1/(1-m))    \n",
    "        D[k] = D[k]/sum(D[k])    \n",
    "      \n",
    "    #Z = (1/d_ki)^1/m-1z = np.array (i = 1 ,c)\n",
    "    for i in range(n) :\n",
    "        Z[i] = (1 - sum_i[i] )*D[i]\n",
    "        \n",
    "    return U_ngang+Z  # tuc la U  "
   ]
  },
  {
   "cell_type": "code",
   "execution_count": 48,
   "metadata": {},
   "outputs": [],
   "source": [
    "def cong_thuc_4(m):\n",
    "    V_temp = np.zeros((c,p))\n",
    "    U_temp = abs(U - U_ngang)\n",
    "    U_temp = pow(U_temp,m)\n",
    "    for i in range(c):\n",
    "        tu_so = np.zeros(p)\n",
    "        for k in range(n):\n",
    "           tu_so +=U_temp[k][i] * X[k] \n",
    "        V_temp[i] = tu_so/ sum((U_temp.T)[i])\n",
    "    return V_temp"
   ]
  },
  {
   "cell_type": "markdown",
   "metadata": {},
   "source": [
    "# **Đánh giá kết quả**"
   ]
  },
  {
   "cell_type": "code",
   "execution_count": 49,
   "metadata": {},
   "outputs": [],
   "source": [
    "# đếm số lượng phần tử mỗi cụm tương ứng với từng lớp nhãn dữ liệu\n",
    "def count_class(num_class, num_cluster):\n",
    "    global count_class_cluster\n",
    "    count_class_cluster = np.zeros((num_class,num_cluster), dtype=\"int64\")\n",
    "    for k in range(n):\n",
    "        k_class = label_list.index(label_data[k])\n",
    "        index_max = np.argmax(U[k])\n",
    "        count_class_cluster[k_class][index_max] +=1   \n",
    "    # Ma trận có num_class dòng và num_cluster cột, phần tử thứ i,j của ma trận thuộc class i, cluster j\n",
    "     "
   ]
  },
  {
   "cell_type": "code",
   "execution_count": 50,
   "metadata": {},
   "outputs": [],
   "source": [
    "\n",
    "# Các độ đo\n",
    "def external_validity(num_class, c):\n",
    "    a1 = b1 = c1 = d1= 0\n",
    "    for i in range(num_class):\n",
    "        a1+= sum ( (count_class_cluster[i]-1)*count_class_cluster[i]/2 )\n",
    "        b1+= (pow(sum(count_class_cluster[i]),2) - sum(pow(count_class_cluster[i],2)) )/2\n",
    "    for i in range(num_class-1):\n",
    "        for j in range(i+1, num_class):\n",
    "            for k in range(c):\n",
    "                c1+=count_class_cluster[i][k] * count_class_cluster[j][k]\n",
    "                for h in range(c):\n",
    "                    if h!=k :\n",
    "                        d1+=count_class_cluster[i][k] * count_class_cluster[j][h]  \n",
    "    print(\"a1= \"+str(a1))\n",
    "    print(\"b1= \"+str(b1))\n",
    "    print(\"c1= \"+str(c1))\n",
    "    print(\"d1= \"+str(d1))\n",
    "    # Rand int\n",
    "    w1 =  (a1 + d1)/ (a1 +b1 + c1 +d1)\n",
    "    # Adjusted Rand Index\n",
    "    M= a1 + b1 +c1 +d1\n",
    "    w2 = (a1 - (a1+c1)*(a1+b1)/M) /( (2*a1+b1+c1)/2 - (a1+c1)*(a1+b1)/M )\n",
    "    #Jaccard Coefficient\n",
    "    w3 = a1 / (a1+b1+c1)\n",
    "    print (\"Rand Index :\" +str(w1))\n",
    "    print (\"Adjusted Rand Index :\" + str(w2))\n",
    "    print (\"Jaccard Coefficient\" +str(w3))\n",
    "    "
   ]
  },
  {
   "cell_type": "code",
   "execution_count": 51,
   "metadata": {},
   "outputs": [],
   "source": [
    "def Meam_accuraccy():\n",
    "    sum_cluster = sum(count_class_cluster)\n",
    "    mean_accuraccy = sum_cluster/label_count\n",
    "    print(np.amin(mean_accuraccy))\n",
    "        \n",
    "    \n",
    "    "
   ]
  },
  {
   "cell_type": "code",
   "execution_count": 52,
   "metadata": {},
   "outputs": [],
   "source": [
    "def set_dict_cluster():\n",
    "    global dict_cluster\n",
    "    for i in range(num_class):\n",
    "        temp = np.argmax(count_class_cluster[i])\n",
    "        dict_cluster[label_list[i]] = temp\n",
    "    return\n",
    "\n",
    "def rs_dict_cluster():\n",
    "    global dict_cluster\n",
    "    dict_cluster = {}\n",
    "    return"
   ]
  },
  {
   "cell_type": "markdown",
   "metadata": {},
   "source": [
    "# **Thuật toán**"
   ]
  },
  {
   "cell_type": "code",
   "execution_count": 53,
   "metadata": {},
   "outputs": [],
   "source": [
    "def thuat_toan_1_pha(epsilon,m,c,k1):\n",
    "    global U,V,count_class_cluster\n",
    "    global dict_cluster\n",
    "    dict_cluster = {}\n",
    "    \n",
    "    set_c(c)\n",
    "    generate_U_ngang(k1)\n",
    "    generate_V()\n",
    "\n",
    "    Epsilon = np.zeros((c,p)) + epsilon\n",
    "    i=1\n",
    "    while True:\n",
    "        # print(\"-----------------------\\nChay lan \"+ str(i)+\"\\n\")\n",
    "        i+=1\n",
    "        U= cong_thuc_6(m)\n",
    "        V_truoc =V\n",
    "        V= cong_thuc_4(m)\n",
    "        delta_V = abs(V- V_truoc)\n",
    "        ktra = np.less_equal(delta_V, Epsilon)\n",
    "        if (np.all(ktra)):\n",
    "            break\n",
    "    print(\"\\n------------------------------------\\nKetqua\\nV:\")\n",
    "    print(V)\n",
    "    count_class(num_class, c)\n",
    "    external_validity(num_class, c)\n",
    "    # Meam_accuraccy()\n",
    "    return"
   ]
  },
  {
   "cell_type": "code",
   "execution_count": 54,
   "metadata": {},
   "outputs": [],
   "source": [
    "def thuat_toan_2_pha(epsilon,m,c,k1):\n",
    "    global V,U, count_class_cluster, dict_cluster\n",
    "    set_c(c)\n",
    "    generate_V()\n",
    "    V_temp = V\n",
    "    # Pha 1 (Khong giam sat k1 = 0)\n",
    "    dict_cluster = {}\n",
    "    generate_U_ngang(0) \n",
    "    Epsilon = np.zeros((c,p)) + epsilon\n",
    "    while True:\n",
    "        U= cong_thuc_6(m)\n",
    "        V_truoc = V\n",
    "        V= cong_thuc_4(m)\n",
    "        delta_V = abs(V- V_truoc)\n",
    "        ktra = np.less_equal(delta_V, Epsilon)\n",
    "        if (np.all(ktra)):\n",
    "            break\n",
    "    count_class(num_class, c)\n",
    "    set_dict_cluster()  \n",
    "    #Pha 2(Co giam sat k1 = k1)\n",
    "    generate_U_ngang(k1)\n",
    "    while True:\n",
    "        U= cong_thuc_6(m)\n",
    "        \n",
    "        V_truoc = V\n",
    "        V= cong_thuc_4(m)\n",
    "        \n",
    "        delta_V = abs(V- V_truoc)\n",
    "        ktra = np.less_equal(delta_V, Epsilon)\n",
    "        if (np.all(ktra)):\n",
    "            break\n",
    "    print(\"\\n------------------------------------\\nKetqua\\nV:\")\n",
    "    print(V)\n",
    "    count_class(num_class, c)\n",
    "    external_validity(num_class, c)\n",
    "    # Meam_accuraccy()\n",
    "    rs_dict_cluster()\n",
    "    return\n",
    "    \n",
    "    \n",
    "    "
   ]
  },
  {
   "cell_type": "markdown",
   "metadata": {},
   "source": [
    "# **Main**"
   ]
  },
  {
   "cell_type": "code",
   "execution_count": 55,
   "metadata": {},
   "outputs": [
    {
     "name": "stdout",
     "output_type": "stream",
     "text": [
      "\n",
      "------------------------------------\n",
      "Ketqua\n",
      "V:\n",
      "[[4.99999798 3.40705691 1.47207434 0.245306  ]\n",
      " [6.9994669  3.10360044 5.89012748 2.11858996]\n",
      " [6.25459926 2.88556549 4.90945523 1.69274018]\n",
      " [5.63798908 2.65581602 4.02435195 1.24177083]]\n",
      "a1= 3675.0\n",
      "b1= 0.0\n",
      "c1= 0\n",
      "d1= 7500\n",
      "Rand Index :1.0\n",
      "Adjusted Rand Index :1.0\n",
      "Jaccard Coefficient1.0\n"
     ]
    }
   ],
   "source": [
    "thuat_toan_2_pha(1e-6,2,4,150)"
   ]
  },
  {
   "cell_type": "code",
   "execution_count": 59,
   "metadata": {},
   "outputs": [
    {
     "name": "stdout",
     "output_type": "stream",
     "text": [
      "\n",
      "------------------------------------\n",
      "Ketqua\n",
      "V:\n",
      "[[6.25459923 2.88556548 4.90945512 1.69274009]\n",
      " [5.63798904 2.655816   4.02435191 1.24177081]\n",
      " [6.99946676 3.10360043 5.89012736 2.11858997]\n",
      " [4.99999798 3.40705691 1.47207434 0.245306  ]]\n",
      "a1= 3675.0\n",
      "b1= 0.0\n",
      "c1= 0\n",
      "d1= 7500\n",
      "Rand Index :1.0\n",
      "Adjusted Rand Index :1.0\n",
      "Jaccard Coefficient1.0\n"
     ]
    }
   ],
   "source": [
    "thuat_toan_2_pha(1e-6,2, 4, 150)"
   ]
  },
  {
   "cell_type": "code",
   "execution_count": 57,
   "metadata": {},
   "outputs": [
    {
     "data": {
      "text/plain": [
       "array([[9.32605912e-04, 2.86885165e-03, 1.58391181e-03, 9.94614631e-01],\n",
       "       [6.23148298e-03, 2.03930481e-02, 1.07430438e-02, 9.62632425e-01],\n",
       "       [5.30747654e-03, 1.64689300e-02, 8.97329981e-03, 9.69250294e-01],\n",
       "       [8.49744786e-03, 2.79392747e-02, 1.46652367e-02, 9.48898041e-01],\n",
       "       [1.56926878e-03, 4.75409007e-03, 2.65050986e-03, 9.91026131e-01],\n",
       "       [1.80844652e-02, 5.55560705e-02, 3.12180291e-02, 8.95141435e-01],\n",
       "       [5.55373275e-03, 1.73093393e-02, 9.43318035e-03, 9.67703748e-01],\n",
       "       [1.06526008e-04, 3.42158596e-04, 1.83569999e-04, 9.99367745e-01],\n",
       "       [1.81872297e-02, 5.82632172e-02, 3.09866642e-02, 8.92562889e-01],\n",
       "       [4.42475478e-03, 1.45893679e-02, 7.65560353e-03, 9.73330274e-01],\n",
       "       [9.11264402e-03, 2.73955370e-02, 1.54613006e-02, 9.48030518e-01],\n",
       "       [2.13664153e-03, 7.02222398e-03, 3.70884262e-03, 9.87132292e-01],\n",
       "       [7.61603500e-03, 2.45803718e-02, 1.30436152e-02, 9.54759978e-01],\n",
       "       [2.09838593e-02, 6.12132059e-02, 3.44847443e-02, 8.83318191e-01],\n",
       "       [3.19336411e-02, 8.18336209e-02, 5.11330322e-02, 8.35099706e-01],\n",
       "       [4.50565987e-02, 1.13881237e-01, 7.25479950e-02, 7.68514169e-01],\n",
       "       [1.53699469e-02, 4.29671905e-02, 2.54149611e-02, 9.16247901e-01],\n",
       "       [9.79391088e-04, 3.03915779e-03, 1.67050696e-03, 9.94310944e-01],\n",
       "       [2.58439977e-02, 7.83151399e-02, 4.44852282e-02, 8.51355634e-01],\n",
       "       [6.08602413e-03, 1.83266472e-02, 1.03178701e-02, 9.65269459e-01],\n",
       "       [8.49534947e-03, 2.85848885e-02, 1.50035221e-02, 9.47916240e-01],\n",
       "       [4.48211300e-03, 1.38745857e-02, 7.67648266e-03, 9.73966819e-01],\n",
       "       [1.17697282e-02, 3.24108551e-02, 1.90480341e-02, 9.36771383e-01],\n",
       "       [5.59711613e-03, 2.00297902e-02, 1.00803066e-02, 9.64292787e-01],\n",
       "       [8.67472469e-03, 3.10423470e-02, 1.55697779e-02, 9.44713150e-01],\n",
       "       [6.75747985e-03, 2.35481809e-02, 1.19404380e-02, 9.57753901e-01],\n",
       "       [1.57034548e-03, 5.29443773e-03, 2.76280478e-03, 9.90372412e-01],\n",
       "       [1.93128939e-03, 6.08557934e-03, 3.31685178e-03, 9.88666279e-01],\n",
       "       [1.72346296e-03, 5.37078374e-03, 2.94091058e-03, 9.89964843e-01],\n",
       "       [5.34453145e-03, 1.79818503e-02, 9.32374863e-03, 9.67349870e-01],\n",
       "       [5.47954468e-03, 1.87642957e-02, 9.61573394e-03, 9.66140426e-01],\n",
       "       [7.11257327e-03, 2.30011293e-02, 1.23795462e-02, 9.57506751e-01],\n",
       "       [1.77636362e-02, 4.92188891e-02, 2.92508464e-02, 9.03766628e-01],\n",
       "       [2.77353757e-02, 7.29539140e-02, 4.49463944e-02, 8.54364316e-01],\n",
       "       [4.42475478e-03, 1.45893679e-02, 7.65560353e-03, 9.73330274e-01],\n",
       "       [3.91721054e-03, 1.19077473e-02, 6.58415110e-03, 9.77590891e-01],\n",
       "       [1.00848979e-02, 2.96418794e-02, 1.69016112e-02, 9.43371611e-01],\n",
       "       [4.42475478e-03, 1.45893679e-02, 7.65560353e-03, 9.73330274e-01],\n",
       "       [1.60418628e-02, 4.97723950e-02, 2.70249052e-02, 9.07160837e-01],\n",
       "       [4.82019234e-04, 1.54752563e-03, 8.31423732e-04, 9.97139031e-01],\n",
       "       [1.43356205e-03, 4.33800149e-03, 2.41744003e-03, 9.91810996e-01],\n",
       "       [3.75271445e-02, 1.20594251e-01, 6.38118030e-02, 7.78066802e-01],\n",
       "       [1.27785113e-02, 3.89640340e-02, 2.14280809e-02, 9.26829374e-01],\n",
       "       [5.84782927e-03, 1.96265808e-02, 1.03144175e-02, 9.64211172e-01],\n",
       "       [1.47102328e-02, 4.95391466e-02, 2.61961266e-02, 9.09554494e-01],\n",
       "       [7.22446226e-03, 2.38019866e-02, 1.24855021e-02, 9.56488049e-01],\n",
       "       [6.71331770e-03, 2.05281410e-02, 1.14493914e-02, 9.61309150e-01],\n",
       "       [6.81258212e-03, 2.15827126e-02, 1.16053255e-02, 9.59999380e-01],\n",
       "       [6.56306496e-03, 1.98494365e-02, 1.11452186e-02, 9.62442280e-01],\n",
       "       [6.68431588e-04, 2.11893290e-03, 1.14392973e-03, 9.96068706e-01],\n",
       "       [2.30545199e-01, 1.70063378e-01, 5.71046118e-01, 2.83453061e-02],\n",
       "       [8.49804164e-02, 1.94975405e-01, 7.02150222e-01, 1.78939560e-02],\n",
       "       [2.29828153e-01, 1.20275916e-01, 6.31366985e-01, 1.85289458e-02],\n",
       "       [1.87756567e-02, 8.95537811e-01, 7.07618926e-02, 1.49246393e-02],\n",
       "       [6.60356424e-02, 1.35760268e-01, 7.86918118e-01, 1.12859715e-02],\n",
       "       [3.91911202e-02, 6.75619820e-01, 2.69767221e-01, 1.54218388e-02],\n",
       "       [8.01422452e-02, 1.23338162e-01, 7.83810673e-01, 1.27089198e-02],\n",
       "       [5.92119419e-02, 6.38306335e-01, 1.48150209e-01, 1.54331514e-01],\n",
       "       [1.00323484e-01, 1.92729363e-01, 6.88397834e-01, 1.85493195e-02],\n",
       "       [2.55501461e-02, 8.59131342e-01, 8.94069737e-02, 2.59115378e-02],\n",
       "       [6.34592671e-02, 6.60318978e-01, 1.60200343e-01, 1.16021412e-01],\n",
       "       [4.22404892e-02, 6.61658638e-01, 2.77250980e-01, 1.88498930e-02],\n",
       "       [4.54609625e-02, 7.58613216e-01, 1.63874442e-01, 3.20513788e-02],\n",
       "       [4.34593692e-02, 1.60291733e-01, 7.87099159e-01, 9.14973905e-03],\n",
       "       [2.62631640e-02, 8.50048571e-01, 9.04698999e-02, 3.32183649e-02],\n",
       "       [1.26445073e-01, 2.39655708e-01, 6.06172891e-01, 2.77263276e-02],\n",
       "       [5.43884786e-02, 5.64443322e-01, 3.60489024e-01, 2.06791759e-02],\n",
       "       [1.39512226e-02, 9.14832923e-01, 6.14069797e-02, 9.80887516e-03],\n",
       "       [8.72774068e-02, 4.03038994e-01, 4.85555232e-01, 2.41283671e-02],\n",
       "       [7.98999696e-03, 9.54482762e-01, 3.00357048e-02, 7.49153620e-03],\n",
       "       [7.54931621e-02, 1.48146291e-01, 7.63161811e-01, 1.31987360e-02],\n",
       "       [3.54123060e-02, 7.64634637e-01, 1.79894644e-01, 2.00584125e-02],\n",
       "       [6.82910549e-02, 1.16802196e-01, 8.05348960e-01, 9.55778907e-03],\n",
       "       [6.34705402e-02, 2.89762188e-01, 6.31223865e-01, 1.55434071e-02],\n",
       "       [7.75239711e-02, 3.87739064e-01, 5.10101259e-01, 2.46357060e-02],\n",
       "       [1.02889836e-01, 2.47188264e-01, 6.26242184e-01, 2.36797165e-02],\n",
       "       [1.51566371e-01, 1.39349989e-01, 6.91703091e-01, 1.73805495e-02],\n",
       "       [1.57123314e-01, 6.96790805e-02, 7.63673264e-01, 9.52434151e-03],\n",
       "       [4.84174262e-02, 3.35946328e-01, 6.02097224e-01, 1.35390224e-02],\n",
       "       [3.14314312e-02, 8.22467447e-01, 9.80305255e-02, 4.80705960e-02],\n",
       "       [1.72058812e-02, 9.05147583e-01, 5.87332706e-02, 1.89132653e-02],\n",
       "       [2.44369022e-02, 8.65775779e-01, 7.81820084e-02, 3.16053107e-02],\n",
       "       [6.79598635e-03, 9.58757487e-01, 2.89677741e-02, 5.47875295e-03],\n",
       "       [5.94227985e-02, 8.60981471e-02, 8.47076638e-01, 7.40241680e-03],\n",
       "       [5.87280511e-02, 6.12863281e-01, 3.02493601e-01, 2.59150675e-02],\n",
       "       [9.14129973e-02, 2.89178868e-01, 5.94367138e-01, 2.50409970e-02],\n",
       "       [1.25744541e-01, 1.28492802e-01, 7.29906141e-01, 1.58565163e-02],\n",
       "       [8.13005190e-02, 4.61373637e-01, 4.31352479e-01, 2.59733657e-02],\n",
       "       [1.93611655e-02, 8.76957333e-01, 9.04390611e-02, 1.32424402e-02],\n",
       "       [6.63313919e-03, 9.61306589e-01, 2.67576539e-02, 5.30261770e-03],\n",
       "       [2.49408465e-02, 8.41317365e-01, 1.20374333e-01, 1.33674557e-02],\n",
       "       [5.17200706e-02, 2.25460051e-01, 7.10397683e-01, 1.24221955e-02],\n",
       "       [5.02745379e-03, 9.68785335e-01, 2.26133013e-02, 3.57390996e-03],\n",
       "       [5.79147543e-02, 6.53612276e-01, 1.46363829e-01, 1.42109141e-01],\n",
       "       [6.38159892e-03, 9.57622566e-01, 3.21670917e-02, 3.82874365e-03],\n",
       "       [2.40853962e-02, 8.39567585e-01, 1.21910619e-01, 1.44363993e-02],\n",
       "       [1.64454913e-02, 8.84709114e-01, 8.95508996e-02, 9.29449490e-03],\n",
       "       [5.80643892e-02, 4.95196902e-01, 4.25895730e-01, 2.08429781e-02],\n",
       "       [6.05018230e-02, 5.84528983e-01, 1.47553975e-01, 2.07415219e-01],\n",
       "       [5.73900545e-03, 9.61738093e-01, 2.88666074e-02, 3.65629373e-03],\n",
       "       [6.78702582e-01, 7.33746736e-02, 2.30875824e-01, 1.70469204e-02],\n",
       "       [1.03781966e-01, 1.45795825e-01, 7.36574128e-01, 1.38480799e-02],\n",
       "       [9.84841741e-01, 3.21948055e-03, 1.11799443e-02, 7.58833926e-04],\n",
       "       [3.68840705e-01, 8.02599601e-02, 5.38554438e-01, 1.23448970e-02],\n",
       "       [7.62523448e-01, 4.25035707e-02, 1.86575835e-01, 8.39714680e-03],\n",
       "       [7.80172439e-01, 6.02506409e-02, 1.40942780e-01, 1.86341397e-02],\n",
       "       [8.61295331e-02, 5.89531231e-01, 2.75437713e-01, 4.89015225e-02],\n",
       "       [8.38095380e-01, 4.04593489e-02, 1.10691533e-01, 1.07537383e-02],\n",
       "       [6.11925026e-01, 7.47077461e-02, 2.99493856e-01, 1.38733722e-02],\n",
       "       [8.30640437e-01, 4.28835094e-02, 1.13871694e-01, 1.26043600e-02],\n",
       "       [2.23827428e-01, 7.24616378e-02, 6.92876565e-01, 1.08343694e-02],\n",
       "       [1.97967894e-01, 6.87778364e-02, 7.24096493e-01, 9.15777663e-03],\n",
       "       [7.68507389e-01, 3.56062811e-02, 1.89121799e-01, 6.76453070e-03],\n",
       "       [1.23074202e-01, 2.26319706e-01, 6.29706284e-01, 2.08998081e-02],\n",
       "       [2.01057792e-01, 1.76480505e-01, 5.98582554e-01, 2.38791493e-02],\n",
       "       [4.14589807e-01, 8.57810406e-02, 4.84739356e-01, 1.48897955e-02],\n",
       "       [4.23180471e-01, 6.49035915e-02, 5.01588168e-01, 1.03277696e-02],\n",
       "       [7.04725424e-01, 8.46518736e-02, 1.80710328e-01, 2.99123740e-02],\n",
       "       [6.89042081e-01, 9.07555766e-02, 1.90454037e-01, 2.97483059e-02],\n",
       "       [1.17110891e-01, 2.58001290e-01, 6.03634061e-01, 2.12537590e-02],\n",
       "       [9.28443454e-01, 1.40858322e-02, 5.42889814e-02, 3.18173220e-03],\n",
       "       [1.09047135e-01, 2.43461858e-01, 6.26147938e-01, 2.13430694e-02],\n",
       "       [7.30244333e-01, 7.61999096e-02, 1.69522664e-01, 2.40330937e-02],\n",
       "       [2.61061148e-02, 2.98091454e-02, 9.41317361e-01, 2.76737867e-03],\n",
       "       [8.46673640e-01, 2.74191117e-02, 1.20147326e-01, 5.75992261e-03],\n",
       "       [9.06063353e-01, 2.12578518e-02, 6.73640987e-02, 5.31469643e-03],\n",
       "       [1.59821403e-02, 2.58445625e-02, 9.56062084e-01, 2.11121355e-03],\n",
       "       [2.40346776e-02, 3.24079787e-02, 9.40616884e-01, 2.94045948e-03],\n",
       "       [5.09559505e-01, 7.14926414e-02, 4.06971881e-01, 1.19759723e-02],\n",
       "       [7.93037258e-01, 4.45442568e-02, 1.52246338e-01, 1.01721465e-02],\n",
       "       [8.48128400e-01, 3.71320920e-02, 1.05093559e-01, 9.64594880e-03],\n",
       "       [6.96481575e-01, 8.64768789e-02, 1.86606795e-01, 3.04347508e-02],\n",
       "       [5.34751094e-01, 7.24613168e-02, 3.80281145e-01, 1.25064443e-02],\n",
       "       [4.71412865e-02, 4.44975573e-02, 9.03902691e-01, 4.45846512e-03],\n",
       "       [2.39089726e-01, 1.45966737e-01, 5.95291225e-01, 1.96523113e-02],\n",
       "       [8.16147121e-01, 4.81797427e-02, 1.21408515e-01, 1.42646221e-02],\n",
       "       [5.61555721e-01, 8.63362370e-02, 3.34317272e-01, 1.77907696e-02],\n",
       "       [3.77104674e-01, 7.07632178e-02, 5.40961018e-01, 1.11710899e-02],\n",
       "       [3.87413459e-02, 7.66167635e-02, 8.78564108e-01, 6.07778295e-03],\n",
       "       [7.37459381e-01, 4.18009874e-02, 2.12556503e-01, 8.18312806e-03],\n",
       "       [7.89525405e-01, 3.88003006e-02, 1.63574507e-01, 8.09978694e-03],\n",
       "       [5.09010369e-01, 8.34970045e-02, 3.91390078e-01, 1.61025487e-02],\n",
       "       [1.03781966e-01, 1.45795825e-01, 7.36574128e-01, 1.38480799e-02],\n",
       "       [9.40648340e-01, 1.22868827e-02, 4.42167037e-02, 2.84807336e-03],\n",
       "       [7.98482467e-01, 4.16984172e-02, 1.50251261e-01, 9.56785484e-03],\n",
       "       [4.74253277e-01, 7.71286275e-02, 4.34964975e-01, 1.36531207e-02],\n",
       "       [9.61346880e-02, 8.81221330e-02, 8.06542615e-01, 9.20056355e-03],\n",
       "       [2.33556205e-01, 6.21917003e-02, 6.95212699e-01, 9.03939566e-03],\n",
       "       [4.08926113e-01, 1.05355001e-01, 4.66327138e-01, 1.93917475e-02],\n",
       "       [7.86471767e-02, 9.24032802e-02, 8.19707595e-01, 9.24194810e-03]])"
      ]
     },
     "execution_count": 57,
     "metadata": {},
     "output_type": "execute_result"
    }
   ],
   "source": [
    "U"
   ]
  },
  {
   "cell_type": "code",
   "execution_count": 58,
   "metadata": {},
   "outputs": [
    {
     "data": {
      "text/plain": [
       "array([[9.000e-04, 2.900e-03, 1.600e-03, 9.946e-01],\n",
       "       [6.200e-03, 2.040e-02, 1.070e-02, 9.626e-01],\n",
       "       [5.300e-03, 1.650e-02, 9.000e-03, 9.693e-01],\n",
       "       [8.500e-03, 2.790e-02, 1.470e-02, 9.489e-01],\n",
       "       [1.600e-03, 4.800e-03, 2.700e-03, 9.910e-01],\n",
       "       [1.810e-02, 5.560e-02, 3.120e-02, 8.951e-01],\n",
       "       [5.600e-03, 1.730e-02, 9.400e-03, 9.677e-01],\n",
       "       [1.000e-04, 3.000e-04, 2.000e-04, 9.994e-01],\n",
       "       [1.820e-02, 5.830e-02, 3.100e-02, 8.926e-01],\n",
       "       [4.400e-03, 1.460e-02, 7.700e-03, 9.733e-01],\n",
       "       [9.100e-03, 2.740e-02, 1.550e-02, 9.480e-01],\n",
       "       [2.100e-03, 7.000e-03, 3.700e-03, 9.871e-01],\n",
       "       [7.600e-03, 2.460e-02, 1.300e-02, 9.548e-01],\n",
       "       [2.100e-02, 6.120e-02, 3.450e-02, 8.833e-01],\n",
       "       [3.190e-02, 8.180e-02, 5.110e-02, 8.351e-01],\n",
       "       [4.510e-02, 1.139e-01, 7.250e-02, 7.685e-01],\n",
       "       [1.540e-02, 4.300e-02, 2.540e-02, 9.162e-01],\n",
       "       [1.000e-03, 3.000e-03, 1.700e-03, 9.943e-01],\n",
       "       [2.580e-02, 7.830e-02, 4.450e-02, 8.514e-01],\n",
       "       [6.100e-03, 1.830e-02, 1.030e-02, 9.653e-01],\n",
       "       [8.500e-03, 2.860e-02, 1.500e-02, 9.479e-01],\n",
       "       [4.500e-03, 1.390e-02, 7.700e-03, 9.740e-01],\n",
       "       [1.180e-02, 3.240e-02, 1.900e-02, 9.368e-01],\n",
       "       [5.600e-03, 2.000e-02, 1.010e-02, 9.643e-01],\n",
       "       [8.700e-03, 3.100e-02, 1.560e-02, 9.447e-01],\n",
       "       [6.800e-03, 2.350e-02, 1.190e-02, 9.578e-01],\n",
       "       [1.600e-03, 5.300e-03, 2.800e-03, 9.904e-01],\n",
