{
 "cells": [
  {
   "cell_type": "markdown",
   "metadata": {},
   "source": [
    "# **Dataset Preparation & Preprocessing**"
   ]
  },
  {
   "cell_type": "markdown",
   "metadata": {},
   "source": [
    "## Load Data"
   ]
  },
  {
   "cell_type": "code",
   "execution_count": 1,
   "metadata": {},
   "outputs": [
    {
     "data": {
      "text/html": [
       "<div>\n",
       "<style scoped>\n",
       "    .dataframe tbody tr th:only-of-type {\n",
       "        vertical-align: middle;\n",
       "    }\n",
       "\n",
       "    .dataframe tbody tr th {\n",
       "        vertical-align: top;\n",
       "    }\n",
       "\n",
       "    .dataframe thead th {\n",
       "        text-align: right;\n",
       "    }\n",
       "</style>\n",
       "<table border=\"1\" class=\"dataframe\">\n",
       "  <thead>\n",
       "    <tr style=\"text-align: right;\">\n",
       "      <th></th>\n",
       "      <th>0</th>\n",
       "      <th>1</th>\n",
       "      <th>2</th>\n",
       "      <th>3</th>\n",
       "    </tr>\n",
       "  </thead>\n",
       "  <tbody>\n",
       "    <tr>\n",
       "      <th>0</th>\n",
       "      <td>5.1</td>\n",
       "      <td>3.5</td>\n",
       "      <td>1.4</td>\n",
       "      <td>0.2</td>\n",
       "    </tr>\n",
       "    <tr>\n",
       "      <th>1</th>\n",
       "      <td>4.9</td>\n",
       "      <td>3.0</td>\n",
       "      <td>1.4</td>\n",
       "      <td>0.2</td>\n",
       "    </tr>\n",
       "    <tr>\n",
       "      <th>2</th>\n",
       "      <td>4.7</td>\n",
       "      <td>3.2</td>\n",
       "      <td>1.3</td>\n",
       "      <td>0.2</td>\n",
       "    </tr>\n",
       "    <tr>\n",
       "      <th>3</th>\n",
       "      <td>4.6</td>\n",
       "      <td>3.1</td>\n",
       "      <td>1.5</td>\n",
       "      <td>0.2</td>\n",
       "    </tr>\n",
       "    <tr>\n",
       "      <th>4</th>\n",
       "      <td>5.0</td>\n",
       "      <td>3.6</td>\n",
       "      <td>1.4</td>\n",
       "      <td>0.2</td>\n",
       "    </tr>\n",
       "    <tr>\n",
       "      <th>...</th>\n",
       "      <td>...</td>\n",
       "      <td>...</td>\n",
       "      <td>...</td>\n",
       "      <td>...</td>\n",
       "    </tr>\n",
       "    <tr>\n",
       "      <th>145</th>\n",
       "      <td>6.7</td>\n",
       "      <td>3.0</td>\n",
       "      <td>5.2</td>\n",
       "      <td>2.3</td>\n",
       "    </tr>\n",
       "    <tr>\n",
       "      <th>146</th>\n",
       "      <td>6.3</td>\n",
       "      <td>2.5</td>\n",
       "      <td>5.0</td>\n",
       "      <td>1.9</td>\n",
       "    </tr>\n",
       "    <tr>\n",
       "      <th>147</th>\n",
       "      <td>6.5</td>\n",
       "      <td>3.0</td>\n",
       "      <td>5.2</td>\n",
       "      <td>2.0</td>\n",
       "    </tr>\n",
       "    <tr>\n",
       "      <th>148</th>\n",
       "      <td>6.2</td>\n",
       "      <td>3.4</td>\n",
       "      <td>5.4</td>\n",
       "      <td>2.3</td>\n",
       "    </tr>\n",
       "    <tr>\n",
       "      <th>149</th>\n",
       "      <td>5.9</td>\n",
       "      <td>3.0</td>\n",
       "      <td>5.1</td>\n",
       "      <td>1.8</td>\n",
       "    </tr>\n",
       "  </tbody>\n",
       "</table>\n",
       "<p>150 rows × 4 columns</p>\n",
       "</div>"
      ],
      "text/plain": [
       "       0    1    2    3\n",
       "0    5.1  3.5  1.4  0.2\n",
       "1    4.9  3.0  1.4  0.2\n",
       "2    4.7  3.2  1.3  0.2\n",
       "3    4.6  3.1  1.5  0.2\n",
       "4    5.0  3.6  1.4  0.2\n",
       "..   ...  ...  ...  ...\n",
       "145  6.7  3.0  5.2  2.3\n",
       "146  6.3  2.5  5.0  1.9\n",
       "147  6.5  3.0  5.2  2.0\n",
       "148  6.2  3.4  5.4  2.3\n",
       "149  5.9  3.0  5.1  1.8\n",
       "\n",
       "[150 rows x 4 columns]"
      ]
     },
     "execution_count": 1,
     "metadata": {},
     "output_type": "execute_result"
    }
   ],
   "source": [
    "# đọc dữ liệu\n",
    "import pandas as pd\n",
    "data = pd.read_csv('resources/iris.data', header = None)\n",
    "value = data.select_dtypes(include=[\"float64\", \"int64\"])\n",
    "label = data.select_dtypes(exclude=[\"float64\", \"int64\"])\n",
    "value"
   ]
  },
  {
   "cell_type": "code",
   "execution_count": 4,
   "metadata": {},
   "outputs": [],
   "source": [
    "# Xử lý nhãn dư, đếm nhãn\n",
    "import numpy as np\n",
    "label_list = pd.unique(label[label.columns[0]])\n",
    "label_list = label_list.tolist()\n",
    "num_class = len(label_list)\n",
    "label_data =label[label.columns[0]].values.tolist()\n",
    "label_count = np.array(label[label.columns[0]].value_counts())\n"
   ]
  },
  {
   "cell_type": "code",
   "execution_count": 26,
   "metadata": {},
   "outputs": [
    {
     "name": "stdout",
     "output_type": "stream",
     "text": [
      "['Iris-setosa', 'Iris-versicolor', 'Iris-virginica']\n"
     ]
    }
   ],
   "source": [
    "print(label_list)"
   ]
  },
  {
   "cell_type": "code",
   "execution_count": 27,
   "metadata": {},
   "outputs": [
    {
     "name": "stdout",
     "output_type": "stream",
     "text": [
      "(150, 4)\n"
     ]
    },
    {
     "data": {
      "text/plain": [
       "array([[5.1, 3.5, 1.4, 0.2],\n",
       "       [4.9, 3. , 1.4, 0.2],\n",
       "       [4.7, 3.2, 1.3, 0.2],\n",
       "       [4.6, 3.1, 1.5, 0.2],\n",
       "       [5. , 3.6, 1.4, 0.2],\n",
       "       [5.4, 3.9, 1.7, 0.4],\n",
       "       [4.6, 3.4, 1.4, 0.3],\n",
       "       [5. , 3.4, 1.5, 0.2],\n",
       "       [4.4, 2.9, 1.4, 0.2],\n",
       "       [4.9, 3.1, 1.5, 0.1],\n",
       "       [5.4, 3.7, 1.5, 0.2],\n",
       "       [4.8, 3.4, 1.6, 0.2],\n",
       "       [4.8, 3. , 1.4, 0.1],\n",
       "       [4.3, 3. , 1.1, 0.1],\n",
       "       [5.8, 4. , 1.2, 0.2],\n",
       "       [5.7, 4.4, 1.5, 0.4],\n",
       "       [5.4, 3.9, 1.3, 0.4],\n",
       "       [5.1, 3.5, 1.4, 0.3],\n",
       "       [5.7, 3.8, 1.7, 0.3],\n",
       "       [5.1, 3.8, 1.5, 0.3],\n",
       "       [5.4, 3.4, 1.7, 0.2],\n",
       "       [5.1, 3.7, 1.5, 0.4],\n",
       "       [4.6, 3.6, 1. , 0.2],\n",
       "       [5.1, 3.3, 1.7, 0.5],\n",
       "       [4.8, 3.4, 1.9, 0.2],\n",
       "       [5. , 3. , 1.6, 0.2],\n",
       "       [5. , 3.4, 1.6, 0.4],\n",
       "       [5.2, 3.5, 1.5, 0.2],\n",
       "       [5.2, 3.4, 1.4, 0.2],\n",
       "       [4.7, 3.2, 1.6, 0.2],\n",
       "       [4.8, 3.1, 1.6, 0.2],\n",
       "       [5.4, 3.4, 1.5, 0.4],\n",
       "       [5.2, 4.1, 1.5, 0.1],\n",
       "       [5.5, 4.2, 1.4, 0.2],\n",
       "       [4.9, 3.1, 1.5, 0.1],\n",
       "       [5. , 3.2, 1.2, 0.2],\n",
       "       [5.5, 3.5, 1.3, 0.2],\n",
       "       [4.9, 3.1, 1.5, 0.1],\n",
       "       [4.4, 3. , 1.3, 0.2],\n",
       "       [5.1, 3.4, 1.5, 0.2],\n",
       "       [5. , 3.5, 1.3, 0.3],\n",
       "       [4.5, 2.3, 1.3, 0.3],\n",
       "       [4.4, 3.2, 1.3, 0.2],\n",
       "       [5. , 3.5, 1.6, 0.6],\n",
       "       [5.1, 3.8, 1.9, 0.4],\n",
       "       [4.8, 3. , 1.4, 0.3],\n",
       "       [5.1, 3.8, 1.6, 0.2],\n",
       "       [4.6, 3.2, 1.4, 0.2],\n",
       "       [5.3, 3.7, 1.5, 0.2],\n",
       "       [5. , 3.3, 1.4, 0.2],\n",
       "       [7. , 3.2, 4.7, 1.4],\n",
       "       [6.4, 3.2, 4.5, 1.5],\n",
       "       [6.9, 3.1, 4.9, 1.5],\n",
       "       [5.5, 2.3, 4. , 1.3],\n",
       "       [6.5, 2.8, 4.6, 1.5],\n",
       "       [5.7, 2.8, 4.5, 1.3],\n",
       "       [6.3, 3.3, 4.7, 1.6],\n",
       "       [4.9, 2.4, 3.3, 1. ],\n",
       "       [6.6, 2.9, 4.6, 1.3],\n",
       "       [5.2, 2.7, 3.9, 1.4],\n",
       "       [5. , 2. , 3.5, 1. ],\n",
       "       [5.9, 3. , 4.2, 1.5],\n",
       "       [6. , 2.2, 4. , 1. ],\n",
       "       [6.1, 2.9, 4.7, 1.4],\n",
       "       [5.6, 2.9, 3.6, 1.3],\n",
       "       [6.7, 3.1, 4.4, 1.4],\n",
       "       [5.6, 3. , 4.5, 1.5],\n",
       "       [5.8, 2.7, 4.1, 1. ],\n",
       "       [6.2, 2.2, 4.5, 1.5],\n",
       "       [5.6, 2.5, 3.9, 1.1],\n",
       "       [5.9, 3.2, 4.8, 1.8],\n",
       "       [6.1, 2.8, 4. , 1.3],\n",
       "       [6.3, 2.5, 4.9, 1.5],\n",
       "       [6.1, 2.8, 4.7, 1.2],\n",
       "       [6.4, 2.9, 4.3, 1.3],\n",
       "       [6.6, 3. , 4.4, 1.4],\n",
       "       [6.8, 2.8, 4.8, 1.4],\n",
       "       [6.7, 3. , 5. , 1.7],\n",
       "       [6. , 2.9, 4.5, 1.5],\n",
       "       [5.7, 2.6, 3.5, 1. ],\n",
       "       [5.5, 2.4, 3.8, 1.1],\n",
       "       [5.5, 2.4, 3.7, 1. ],\n",
       "       [5.8, 2.7, 3.9, 1.2],\n",
       "       [6. , 2.7, 5.1, 1.6],\n",
       "       [5.4, 3. , 4.5, 1.5],\n",
       "       [6. , 3.4, 4.5, 1.6],\n",
       "       [6.7, 3.1, 4.7, 1.5],\n",
       "       [6.3, 2.3, 4.4, 1.3],\n",
       "       [5.6, 3. , 4.1, 1.3],\n",
       "       [5.5, 2.5, 4. , 1.3],\n",
       "       [5.5, 2.6, 4.4, 1.2],\n",
       "       [6.1, 3. , 4.6, 1.4],\n",
       "       [5.8, 2.6, 4. , 1.2],\n",
       "       [5. , 2.3, 3.3, 1. ],\n",
       "       [5.6, 2.7, 4.2, 1.3],\n",
       "       [5.7, 3. , 4.2, 1.2],\n",
       "       [5.7, 2.9, 4.2, 1.3],\n",
       "       [6.2, 2.9, 4.3, 1.3],\n",
       "       [5.1, 2.5, 3. , 1.1],\n",
       "       [5.7, 2.8, 4.1, 1.3],\n",
       "       [6.3, 3.3, 6. , 2.5],\n",
       "       [5.8, 2.7, 5.1, 1.9],\n",
       "       [7.1, 3. , 5.9, 2.1],\n",
       "       [6.3, 2.9, 5.6, 1.8],\n",
       "       [6.5, 3. , 5.8, 2.2],\n",
       "       [7.6, 3. , 6.6, 2.1],\n",
       "       [4.9, 2.5, 4.5, 1.7],\n",
       "       [7.3, 2.9, 6.3, 1.8],\n",
       "       [6.7, 2.5, 5.8, 1.8],\n",
       "       [7.2, 3.6, 6.1, 2.5],\n",
       "       [6.5, 3.2, 5.1, 2. ],\n",
       "       [6.4, 2.7, 5.3, 1.9],\n",
       "       [6.8, 3. , 5.5, 2.1],\n",
       "       [5.7, 2.5, 5. , 2. ],\n",
       "       [5.8, 2.8, 5.1, 2.4],\n",
       "       [6.4, 3.2, 5.3, 2.3],\n",
       "       [6.5, 3. , 5.5, 1.8],\n",
       "       [7.7, 3.8, 6.7, 2.2],\n",
       "       [7.7, 2.6, 6.9, 2.3],\n",
       "       [6. , 2.2, 5. , 1.5],\n",
       "       [6.9, 3.2, 5.7, 2.3],\n",
       "       [5.6, 2.8, 4.9, 2. ],\n",
       "       [7.7, 2.8, 6.7, 2. ],\n",
       "       [6.3, 2.7, 4.9, 1.8],\n",
       "       [6.7, 3.3, 5.7, 2.1],\n",
       "       [7.2, 3.2, 6. , 1.8],\n",
       "       [6.2, 2.8, 4.8, 1.8],\n",
       "       [6.1, 3. , 4.9, 1.8],\n",
       "       [6.4, 2.8, 5.6, 2.1],\n",
       "       [7.2, 3. , 5.8, 1.6],\n",
       "       [7.4, 2.8, 6.1, 1.9],\n",
       "       [7.9, 3.8, 6.4, 2. ],\n",
       "       [6.4, 2.8, 5.6, 2.2],\n",
       "       [6.3, 2.8, 5.1, 1.5],\n",
       "       [6.1, 2.6, 5.6, 1.4],\n",
       "       [7.7, 3. , 6.1, 2.3],\n",
       "       [6.3, 3.4, 5.6, 2.4],\n",
       "       [6.4, 3.1, 5.5, 1.8],\n",
       "       [6. , 3. , 4.8, 1.8],\n",
       "       [6.9, 3.1, 5.4, 2.1],\n",
       "       [6.7, 3.1, 5.6, 2.4],\n",
       "       [6.9, 3.1, 5.1, 2.3],\n",
       "       [5.8, 2.7, 5.1, 1.9],\n",
       "       [6.8, 3.2, 5.9, 2.3],\n",
       "       [6.7, 3.3, 5.7, 2.5],\n",
       "       [6.7, 3. , 5.2, 2.3],\n",
       "       [6.3, 2.5, 5. , 1.9],\n",
       "       [6.5, 3. , 5.2, 2. ],\n",
       "       [6.2, 3.4, 5.4, 2.3],\n",
       "       [5.9, 3. , 5.1, 1.8]])"
      ]
     },
     "execution_count": 27,
     "metadata": {},
     "output_type": "execute_result"
    }
   ],
   "source": [
    "import numpy as np\n",
    "X = np.array(value)\n",
    "n = X.shape[0]\n",
    "p = X.shape[1]\n",
    "print(X.shape)\n",
    "X"
   ]
  },
  {
   "cell_type": "markdown",
   "metadata": {},
   "source": [
    "## Generate U_ngang , V"
   ]
  },
  {
   "cell_type": "code",
   "execution_count": 28,
   "metadata": {},
   "outputs": [],
   "source": [
    "dict_cluster = {}"
   ]
  },
  {
   "cell_type": "code",
   "execution_count": 29,
   "metadata": {},
   "outputs": [],
   "source": [
    "c = 0\n",
    "def set_c(input):\n",
    "    global c\n",
    "    c = input"
   ]
  },
  {
   "cell_type": "code",
   "execution_count": 30,
   "metadata": {},
   "outputs": [],
   "source": [
    "from random import random\n",
    "import random\n",
    "\n",
    "def generate_U_ngang(k1):\n",
    "    global U_ngang\n",
    "    global index_x_giamsat\n",
    "    global sum_i\n",
    "    U_ngang = np.zeros((n,c))\n",
    "    \n",
    "    \n",
    "    index_x_giamsat = random.sample(range(n),k1)# CHọn k1 vector x từ n vector x ban đầu  \n",
    "    index_x_giamsat = np.sort(index_x_giamsat)\n",
    "\n",
    "    for i in range(k1):\n",
    "        if len(dict_cluster) == 0 :\n",
    "            c1= random.randint(0,c-1)\n",
    "        else:\n",
    "            c1= dict_cluster[label_data[index_x_giamsat[i]]]\n",
    "            #Chọn vị trí cụm giám sát\n",
    "        U_ngang[index_x_giamsat[i]][c1] = 0.5     \n",
    "    sum_i= sum(U_ngang.T)\n",
    "# #Maxtrix U_ngang\n",
    "# for i in range(n):\n",
    "#     print(str(i) +\" : \"+ str(U_ngang[i]))"
   ]
  },
  {
   "cell_type": "code",
   "execution_count": 31,
   "metadata": {},
   "outputs": [],
   "source": [
    "#Maxtrix V sinh ngau nhien\n",
    "\n",
    "def generate_V():\n",
    "    global V\n",
    "    V = np.random.rand(c,p) "
   ]
  },
  {
   "cell_type": "markdown",
   "metadata": {},
   "source": [
    "## Function 4 ,6"
   ]
  },
  {
   "cell_type": "code",
   "execution_count": 32,
   "metadata": {},
   "outputs": [],
   "source": [
    "# Tinh d_ki (trong cong thuc 6)\n",
    "def d_ki(k, i):\n",
    "    kq = sum(  pow(X[k] - V[i], 2) )\n",
    "    return kq     "
   ]
  },
  {
   "cell_type": "code",
   "execution_count": 33,
   "metadata": {},
   "outputs": [],
   "source": [
    "#Cong thuc so 6\n",
    "\n",
    "\n",
    "\n",
    "def cong_thuc_6(m):\n",
    "    Z = np.zeros((n,c))\n",
    "    #tu day suy ra U = U_ngang + Z ta tinh Z\n",
    "\n",
    "    D = np.zeros((n,c))\n",
    "    for k in range(n):\n",
    "        for i in range(c):\n",
    "            D[k][i] = pow(d_ki(k,i),1/(1-m))    \n",
    "        D[k] = D[k]/sum(D[k])    \n",
    "      \n",
    "    #Z = (1/d_ki)^1/m-1z = np.array (i = 1 ,c)\n",
    "    for i in range(n) :\n",
    "        Z[i] = (1 - sum_i[i] )*D[i]\n",
    "        \n",
    "    return U_ngang+Z  # tuc la U  "
   ]
  },
  {
   "cell_type": "code",
   "execution_count": 34,
   "metadata": {},
   "outputs": [],
   "source": [
    "def cong_thuc_4(m):\n",
    "    V_temp = np.zeros((c,p))\n",
    "    U_temp = abs(U - U_ngang)\n",
    "    U_temp = pow(U_temp,m)\n",
    "    for i in range(c):\n",
    "        tu_so = np.zeros(p)\n",
    "        for k in range(n):\n",
    "           tu_so +=U_temp[k][i] * X[k] \n",
    "        V_temp[i] = tu_so/ sum((U_temp.T)[i])\n",
    "    return V_temp"
   ]
  },
  {
   "cell_type": "markdown",
   "metadata": {},
   "source": [
    "# **Đánh giá kết quả**"
   ]
  },
  {
   "cell_type": "code",
   "execution_count": 35,
   "metadata": {},
   "outputs": [],
   "source": [
    "# đếm số lượng phần tử mỗi cụm tương ứng với từng lớp nhãn dữ liệu\n",
    "def count_class(num_class, num_cluster):\n",
    "    global count_class_cluster\n",
    "    count_class_cluster = np.zeros((num_class,num_cluster), dtype=\"int64\")\n",
    "    for k in range(n):\n",
    "        k_class = label_list.index(label_data[k])\n",
    "        index_max = np.argmax(U[k])\n",
    "        count_class_cluster[k_class][index_max] +=1   \n",
    "    # Ma trận có num_class dòng và num_cluster cột, phần tử thứ i,j của ma trận thuộc class i, cluster j\n",
    "     "
   ]
  },
  {
   "cell_type": "code",
   "execution_count": 36,
   "metadata": {},
   "outputs": [],
   "source": [
    "\n",
    "# Các độ đo\n",
    "def external_validity(num_class, c):\n",
    "    a1 = b1 = c1 = d1= 0\n",
    "    for i in range(num_class):\n",
    "        a1+= sum ( (count_class_cluster[i]-1)*count_class_cluster[i]/2 )\n",
    "        b1+= (pow(sum(count_class_cluster[i]),2) - sum(pow(count_class_cluster[i],2)) )/2\n",
    "    for i in range(num_class-1):\n",
    "        for j in range(i+1, num_class):\n",
    "            for k in range(c):\n",
    "                c1+=count_class_cluster[i][k] * count_class_cluster[j][k]\n",
    "                for h in range(c):\n",
    "                    if h!=k :\n",
    "                        d1+=count_class_cluster[i][k] * count_class_cluster[j][h]  \n",
    "    print(\"a1= \"+str(a1))\n",
    "    print(\"b1= \"+str(b1))\n",
    "    print(\"c1= \"+str(c1))\n",
    "    print(\"d1= \"+str(d1))\n",
    "    # Rand int\n",
    "    w1 =  (a1 + d1)/ (a1 +b1 + c1 +d1)\n",
    "    # Adjusted Rand Index\n",
    "    M= a1 + b1 +c1 +d1\n",
    "    w2 = (a1 - (a1+c1)*(a1+b1)/M) /( (2*a1+b1+c1)/2 - (a1+c1)*(a1+b1)/M )\n",
    "    #Jaccard Coefficient\n",
    "    w3 = a1 / (a1+b1+c1)\n",
    "    print (\"Rand Index :\" +str(w1))\n",
    "    print (\"Adjusted Rand Index :\" + str(w2))\n",
    "    print (\"Jaccard Coefficient\" +str(w3))\n",
    "    "
   ]
  },
  {
   "cell_type": "code",
   "execution_count": 37,
   "metadata": {},
   "outputs": [],
   "source": [
    "def Meam_accuraccy():\n",
    "    sum_cluster = sum(count_class_cluster)\n",
    "    mean_accuraccy = sum_cluster/label_count\n",
    "    print(np.amin(mean_accuraccy))\n",
    "        \n",
    "    \n",
    "    "
   ]
  },
  {
   "cell_type": "code",
   "execution_count": 38,
   "metadata": {},
   "outputs": [],
   "source": [
    "def set_dict_cluster():\n",
    "    global dict_cluster\n",
    "    for i in range(num_class):\n",
    "        temp = np.argmax(count_class_cluster[i])\n",
    "        dict_cluster[label_list[i]] = temp\n",
    "    return\n",
    "\n",
    "def rs_dict_cluster():\n",
    "    global dict_cluster\n",
    "    dict_cluster = {}\n",
    "    return"
   ]
  },
  {
   "cell_type": "markdown",
   "metadata": {},
   "source": [
    "# **Thuật toán**"
   ]
  },
  {
   "cell_type": "code",
   "execution_count": 39,
   "metadata": {},
   "outputs": [],
   "source": [
    "def thuat_toan_1_pha(epsilon,m,c,k1):\n",
    "    global U,V,count_class_cluster\n",
    "    global dict_cluster\n",
    "    dict_cluster = {}\n",
    "    \n",
    "    set_c(c)\n",
    "    generate_U_ngang(k1)\n",
    "    generate_V()\n",
    "\n",
    "    Epsilon = np.zeros((c,p)) + epsilon\n",
    "    i=1\n",
    "    while True:\n",
    "        # print(\"-----------------------\\nChay lan \"+ str(i)+\"\\n\")\n",
    "        i+=1\n",
    "        U= cong_thuc_6(m)\n",
    "        V_truoc =V\n",
    "        V= cong_thuc_4(m)\n",
    "        delta_V = abs(V- V_truoc)\n",
    "        ktra = np.less_equal(delta_V, Epsilon)\n",
    "        if (np.all(ktra)):\n",
    "            break\n",
    "    print(\"\\n------------------------------------\\nKetqua\\nV:\")\n",
    "    print(V)\n",
    "    count_class(num_class, c)\n",
    "    external_validity(num_class, c)\n",
    "    # Meam_accuraccy()\n",
    "    return"
   ]
  },
  {
   "cell_type": "code",
   "execution_count": 40,
   "metadata": {},
   "outputs": [],
   "source": [
    "def thuat_toan_2_pha(epsilon,m,c,k1):\n",
    "    global V,U, count_class_cluster, dict_cluster\n",
    "    set_c(c)\n",
    "    generate_V()\n",
    "    V_temp = V\n",
    "    # Pha 1 (Khong giam sat k1 = 0)\n",
    "    dict_cluster = {}\n",
    "    generate_U_ngang(0) \n",
    "    Epsilon = np.zeros((c,p)) + epsilon\n",
    "    while True:\n",
    "        U= cong_thuc_6(m)\n",
    "        V_truoc = V\n",
    "        V= cong_thuc_4(m)\n",
    "        delta_V = abs(V- V_truoc)\n",
    "        ktra = np.less_equal(delta_V, Epsilon)\n",
    "        if (np.all(ktra)):\n",
    "            break\n",
    "    count_class(num_class, c)\n",
    "    set_dict_cluster()  \n",
    "    #Pha 2(Co giam sat k1 = k1)\n",
    "    V = V_temp\n",
    "    generate_U_ngang(k1)\n",
    "    while True:\n",
    "        U= cong_thuc_6(m)\n",
    "        \n",
    "        V_truoc = V\n",
    "        V= cong_thuc_4(m)\n",
    "        \n",
    "        delta_V = abs(V- V_truoc)\n",
    "        ktra = np.less_equal(delta_V, Epsilon)\n",
    "        if (np.all(ktra)):\n",
    "            break\n",
    "    print(\"\\n------------------------------------\\nKetqua\\nV:\")\n",
    "    print(V)\n",
    "    count_class(num_class, c)\n",
    "    external_validity(num_class, c)\n",
    "    # Meam_accuraccy()\n",
    "    rs_dict_cluster()\n",
    "    return\n",
    "    \n",
    "    \n",
    "    "
   ]
  },
  {
   "cell_type": "markdown",
   "metadata": {},
   "source": [
    "# **Main**"
   ]
  },
  {
   "cell_type": "code",
   "execution_count": 41,
   "metadata": {},
   "outputs": [
    {
     "name": "stdout",
     "output_type": "stream",
     "text": [
      "\n",
      "------------------------------------\n",
      "Ketqua\n",
      "V:\n",
      "[[7.01604505 3.08484595 5.90319318 2.11720993]\n",
      " [5.61912799 2.6673878  4.00833834 1.23814675]\n",
      " [4.97774876 3.3955577  1.45612892 0.23777631]\n",
      " [6.22358034 2.86859897 4.8803882  1.68121324]]\n",
      "a1= 2468.0\n",
      "b1= 1207.0\n",
      "c1= 390\n",
      "d1= 7110\n",
      "Rand Index :0.8570917225950783\n",
      "Adjusted Rand Index :0.656798392691535\n",
      "Jaccard Coefficient0.6071340713407134\n"
     ]
    }
   ],
   "source": [
    "thuat_toan_2_pha(1e-6,2,4,20)"
   ]
  },
  {
   "cell_type": "code",
   "execution_count": 42,
   "metadata": {},
   "outputs": [
    {
     "name": "stdout",
     "output_type": "stream",
     "text": [
      "\n",
      "------------------------------------\n",
      "Ketqua\n",
      "V:\n",
      "[[4.99999798 3.40705692 1.47207434 0.245306  ]\n",
      " [6.99946616 3.10360039 5.89012685 2.11859002]\n",
      " [5.63798888 2.65581589 4.02435172 1.24177074]\n",
      " [6.25459911 2.88556543 4.90945468 1.69273976]]\n",
      "a1= 2423.0\n",
      "b1= 1252.0\n",
      "c1= 491\n",
      "d1= 7009\n",
      "Rand Index :0.8440268456375839\n",
      "Adjusted Rand Index :0.6269590585315195\n",
      "Jaccard Coefficient0.5816130580892943\n"
     ]
    }
   ],
   "source": [
    "thuat_toan_1_pha(1e-6,2, 4, 0)"
   ]
  },
  {
   "cell_type": "code",
   "execution_count": 43,
   "metadata": {},
   "outputs": [
    {
     "data": {
      "text/plain": [
       "array([[9.94614630e-01, 9.32606121e-04, 2.86885193e-03, 1.58391221e-03],\n",
       "       [9.62632417e-01, 6.23148466e-03, 2.03930515e-02, 1.07430471e-02],\n",
       "       [9.69250287e-01, 5.30747791e-03, 1.64689324e-02, 8.97330228e-03],\n",
       "       [9.48898030e-01, 8.49745017e-03, 2.79392793e-02, 1.46652410e-02],\n",
       "       [9.91026130e-01, 1.56926914e-03, 4.75409054e-03, 2.65051053e-03],\n",
       "       [8.95141416e-01, 1.80844699e-02, 5.55560759e-02, 3.12180383e-02],\n",
       "       [9.67703741e-01, 5.55373422e-03, 1.73093418e-02, 9.43318294e-03],\n",
       "       [9.99367745e-01, 1.06526040e-04, 3.42158655e-04, 1.83570059e-04],\n",
       "       [8.92562867e-01, 1.81872343e-02, 5.82632260e-02, 3.09866723e-02],\n",
       "       [9.73330268e-01, 4.42475600e-03, 1.45893704e-02, 7.65560589e-03],\n",
       "       [9.48030509e-01, 9.11264632e-03, 2.73955400e-02, 1.54613052e-02],\n",
       "       [9.87132289e-01, 2.13664215e-03, 7.02222517e-03, 3.70884379e-03],\n",
       "       [9.54759968e-01, 7.61603699e-03, 2.45803757e-02, 1.30436190e-02],\n",
       "       [8.83318170e-01, 2.09838642e-02, 6.12132137e-02, 3.44847524e-02],\n",
       "       [8.35099682e-01, 3.19336477e-02, 8.18336256e-02, 5.11330447e-02],\n",
       "       [7.68514139e-01, 4.50566082e-02, 1.13881241e-01, 7.25480120e-02],\n",
       "       [9.16247887e-01, 1.53699506e-02, 4.29671943e-02, 2.54149679e-02],\n",
       "       [9.94310943e-01, 9.79391330e-04, 3.03915814e-03, 1.67050741e-03],\n",
       "       [8.51355609e-01, 2.58440040e-02, 7.83151463e-02, 4.44852412e-02],\n",
       "       [9.65269452e-01, 6.08602571e-03, 1.83266493e-02, 1.03178730e-02],\n",
       "       [9.47916228e-01, 8.49535183e-03, 2.85848927e-02, 1.50035271e-02],\n",
       "       [9.73966813e-01, 4.48211422e-03, 1.38745874e-02, 7.67648491e-03],\n",
       "       [9.36771372e-01, 1.17697309e-02, 3.24108585e-02, 1.90480386e-02],\n",
       "       [9.64292778e-01, 5.59711790e-03, 2.00297940e-02, 1.00803101e-02],\n",
       "       [9.44713137e-01, 8.67472727e-03, 3.10423524e-02, 1.55697830e-02],\n",
       "       [9.57753891e-01, 6.75748179e-03, 2.35481852e-02, 1.19404419e-02],\n",
       "       [9.90372409e-01, 1.57034600e-03, 5.29443881e-03, 2.76280577e-03],\n",
       "       [9.88666277e-01, 1.93128991e-03, 6.08558016e-03, 3.31685279e-03],\n",
       "       [9.89964841e-01, 1.72346339e-03, 5.37078444e-03, 2.94091143e-03],\n",
       "       [9.67349862e-01, 5.34453298e-03, 1.79818534e-02, 9.32375150e-03],\n",
       "       [9.66140418e-01, 5.47954627e-03, 1.87642992e-02, 9.61573699e-03],\n",
       "       [9.57506742e-01, 7.11257524e-03, 2.30011326e-02, 1.23795502e-02],\n",
       "       [9.03766612e-01, 1.77636403e-02, 4.92188932e-02, 2.92508540e-02],\n",
       "       [8.54364294e-01, 2.77353818e-02, 7.29539185e-02, 4.49464056e-02],\n",
       "       [9.73330268e-01, 4.42475600e-03, 1.45893704e-02, 7.65560589e-03],\n",
       "       [9.77590887e-01, 3.91721150e-03, 1.19077489e-02, 6.58415289e-03],\n",
       "       [9.43371601e-01, 1.00849003e-02, 2.96418827e-02, 1.69016160e-02],\n",
       "       [9.73330268e-01, 4.42475600e-03, 1.45893704e-02, 7.65560589e-03],\n",
       "       [9.07160819e-01, 1.60418668e-02, 4.97724022e-02, 2.70249122e-02],\n",
       "       [9.97139031e-01, 4.82019372e-04, 1.54752588e-03, 8.31423998e-04],\n",
       "       [9.91810995e-01, 1.43356238e-03, 4.33800192e-03, 2.41744064e-03],\n",
       "       [7.78066762e-01, 3.75271528e-02, 1.20594267e-01, 6.38118179e-02],\n",
       "       [9.26829360e-01, 1.27785145e-02, 3.89640395e-02, 2.14280864e-02],\n",
       "       [9.64211164e-01, 5.84783104e-03, 1.96265840e-02, 1.03144208e-02],\n",
       "       [9.09554475e-01, 1.47102369e-02, 4.95391529e-02, 2.61961348e-02],\n",
       "       [9.56488039e-01, 7.22446424e-03, 2.38019906e-02, 1.24855059e-02],\n",
       "       [9.61309142e-01, 6.71331946e-03, 2.05281434e-02, 1.14493947e-02],\n",
       "       [9.59999371e-01, 6.81258392e-03, 2.15827159e-02, 1.16053288e-02],\n",
       "       [9.62442273e-01, 6.56306664e-03, 1.98494387e-02, 1.11452218e-02],\n",
       "       [9.96068705e-01, 6.68431757e-04, 2.11893318e-03, 1.14393005e-03],\n",
       "       [2.83452994e-02, 2.30545296e-01, 1.70063277e-01, 5.71046128e-01],\n",
       "       [1.78939380e-02, 8.49804041e-02, 1.94975101e-01, 7.02150557e-01],\n",
       "       [1.85289438e-02, 2.29828330e-01, 1.20275859e-01, 6.31366868e-01],\n",
       "       [1.49246261e-02, 1.87756511e-02, 8.95537838e-01, 7.07618850e-02],\n",
       "       [1.12859540e-02, 6.60355985e-02, 1.35759984e-01, 7.86918463e-01],\n",
       "       [1.54218436e-02, 3.91911619e-02, 6.75619323e-01, 2.69767672e-01],\n",
       "       [1.27089097e-02, 8.01422624e-02, 1.23338001e-01, 7.83810826e-01],\n",
       "       [1.54331442e-01, 5.92119410e-02, 6.38306402e-01, 1.48150214e-01],\n",
       "       [1.85493021e-02, 1.00323467e-01, 1.92729087e-01, 6.88398144e-01],\n",
       "       [2.59115190e-02, 2.55501427e-02, 8.59131368e-01, 8.94069699e-02],\n",
       "       [1.16021357e-01, 6.34592653e-02, 6.60319032e-01, 1.60200346e-01],\n",
       "       [1.88498979e-02, 4.22405321e-02, 6.61658135e-01, 2.77251435e-01],\n",
       "       [3.20513719e-02, 4.54609766e-02, 7.58613104e-01, 1.63874547e-01],\n",
       "       [9.14971773e-03, 4.34593072e-02, 1.60291245e-01, 7.87099730e-01],\n",
       "       [3.32183473e-02, 2.62631649e-02, 8.50048566e-01, 9.04699223e-02],\n",
       "       [2.77263113e-02, 1.26445090e-01, 2.39655459e-01, 6.06173140e-01],\n",
       "       [2.06791755e-02, 5.43885209e-02, 5.64442887e-01, 3.60489417e-01],\n",
       "       [9.80888063e-03, 1.39512386e-02, 9.14832801e-01, 6.14070798e-02],\n",
       "       [2.41283585e-02, 8.72774378e-02, 4.03038685e-01, 4.85555519e-01],\n",
       "       [7.49152127e-03, 7.98998554e-03, 9.54482822e-01, 3.00356708e-02],\n",
       "       [1.31987323e-02, 7.54932213e-02, 1.48146175e-01, 7.63161871e-01],\n",
       "       [2.00584204e-02, 3.54123428e-02, 7.64634298e-01, 1.79894938e-01],\n",
       "       [9.55778146e-03, 6.82910642e-02, 1.16802048e-01, 8.05349106e-01],\n",
       "       [1.55433900e-02, 6.34705205e-02, 2.89761667e-01, 6.31224422e-01],\n",
       "       [2.46356909e-02, 7.75239786e-02, 3.87738579e-01, 5.10101752e-01],\n",
       "       [2.36796982e-02, 1.02889833e-01, 2.47187948e-01, 6.26242521e-01],\n",
       "       [1.73805425e-02, 1.51566432e-01, 1.39349877e-01, 6.91703148e-01],\n",
       "       [9.52434733e-03, 1.57123614e-01, 6.96790956e-02, 7.63672943e-01],\n",
       "       [1.35390071e-02, 4.84174132e-02, 3.35945650e-01, 6.02097930e-01],\n",
       "       [4.80705624e-02, 3.14314249e-02, 8.22467483e-01, 9.80305297e-02],\n",
       "       [1.89132389e-02, 1.72058665e-02, 9.05147661e-01, 5.87332335e-02],\n",
       "       [3.16052769e-02, 2.44368885e-02, 8.65775853e-01, 7.81819813e-02],\n",
       "       [5.47875388e-03, 6.79599158e-03, 9.58757446e-01, 2.89678084e-02],\n",
       "       [7.40241803e-03, 5.94228729e-02, 8.60981219e-02, 8.47076587e-01],\n",
       "       [2.59150680e-02, 5.87280966e-02, 6.12862982e-01, 3.02493853e-01],\n",
       "       [2.50409845e-02, 9.14130307e-02, 2.89178566e-01, 5.94367419e-01],\n",
       "       [1.58565078e-02, 1.25744587e-01, 1.28492677e-01, 7.29906229e-01],\n",
       "       [2.59733570e-02, 8.13005454e-02, 4.61373275e-01, 4.31352823e-01],\n",
       "       [1.32424487e-02, 1.93611906e-02, 8.76957150e-01, 9.04392107e-02],\n",
       "       [5.30260799e-03, 6.63313108e-03, 9.61306633e-01, 2.67576277e-02],\n",
       "       [1.33674600e-02, 2.49408711e-02, 8.41317181e-01, 1.20374488e-01],\n",
       "       [1.24221745e-02, 5.17200282e-02, 2.25459500e-01, 7.10398297e-01],\n",
       "       [3.57391296e-03, 5.02746108e-03, 9.68785282e-01, 2.26133441e-02],\n",
       "       [1.42109071e-01, 5.79147519e-02, 6.53612345e-01, 1.46363832e-01],\n",
       "       [3.82875134e-03, 6.38161600e-03, 9.57622442e-01, 3.21671908e-02],\n",
       "       [1.44364105e-02, 2.40854310e-02, 8.39567305e-01, 1.21910854e-01],\n",
       "       [9.29450762e-03, 1.64455251e-02, 8.84708838e-01, 8.95511292e-02],\n",
       "       [2.08429705e-02, 5.80644106e-02, 4.95196302e-01, 4.25896316e-01],\n",
       "       [2.07415137e-01, 6.05018257e-02, 5.84529047e-01, 1.47553990e-01],\n",
       "       [3.65630381e-03, 5.73902507e-03, 9.61737952e-01, 2.88667194e-02],\n",
       "       [1.70469100e-02, 6.78702996e-01, 7.33746123e-02, 2.30875482e-01],\n",
       "       [1.38480856e-02, 1.03782125e-01, 1.45795829e-01, 7.36573961e-01],\n",
       "       [7.58838777e-04, 9.84841654e-01, 3.21950038e-03, 1.11800067e-02],\n",
       "       [1.23449000e-02, 3.68841439e-01, 8.02599538e-02, 5.38553707e-01],\n",
       "       [8.39713032e-03, 7.62524149e-01, 4.25034762e-02, 1.86575245e-01],\n",
       "       [1.86341679e-02, 7.80172186e-01, 6.02507213e-02, 1.40942925e-01],\n",
       "       [4.89015137e-02, 8.61295731e-02, 5.89531145e-01, 2.75437768e-01],\n",
       "       [1.07537590e-02, 8.38095140e-01, 4.04594185e-02, 1.10691682e-01],\n",
       "       [1.38733683e-02, 6.11925427e-01, 7.47077059e-02, 2.99493499e-01],\n",
       "       [1.26043723e-02, 8.30640350e-01, 4.28835426e-02, 1.13871735e-01],\n",
       "       [1.08343789e-02, 2.23828012e-01, 7.24616752e-02, 6.92875933e-01],\n",
       "       [9.15778881e-03, 1.97968479e-01, 6.87779038e-02, 7.24095828e-01],\n",
       "       [6.76451390e-03, 7.68508215e-01, 3.56061825e-02, 1.89121088e-01],\n",
       "       [2.08998102e-02, 1.23074336e-01, 2.26319654e-01, 6.29706200e-01],\n",
       "       [2.38791562e-02, 2.01058082e-01, 1.76480506e-01, 5.98582256e-01],\n",
       "       [1.48897939e-02, 4.14590589e-01, 8.57810055e-02, 4.84738612e-01],\n",
       "       [1.03277694e-02, 4.23181364e-01, 6.49035693e-02, 5.01587297e-01],\n",
       "       [2.99124014e-02, 7.04725242e-01, 8.46519370e-02, 1.80710419e-01],\n",
       "       [2.97483318e-02, 6.89041906e-01, 9.07556417e-02, 1.90454121e-01],\n",
       "       [2.12537545e-02, 1.17110960e-01, 2.58001146e-01, 6.03634140e-01],\n",
       "       [3.18172025e-03, 9.28443779e-01, 1.40857758e-02, 5.42887254e-02],\n",
       "       [2.13430699e-02, 1.09047246e-01, 2.43461773e-01, 6.26147911e-01],\n",
       "       [2.40331217e-02, 7.30244107e-01, 7.61999855e-02, 1.69522786e-01],\n",
       "       [2.76738207e-03, 2.61061781e-02, 2.98091681e-02, 9.41317272e-01],\n",
       "       [5.75990570e-03, 8.46674227e-01, 2.74190238e-02, 1.20146843e-01],\n",
       "       [5.31470967e-03, 9.06063168e-01, 2.12578999e-02, 6.73642220e-02],\n",
       "       [2.11121041e-03, 1.59821348e-02, 2.58445106e-02, 9.56062144e-01],\n",
       "       [2.94046184e-03, 2.40347261e-02, 3.24079885e-02, 9.40616824e-01],\n",
       "       [1.19759667e-02, 5.09560375e-01, 7.14925875e-02, 4.06971071e-01],\n",
       "       [1.01721529e-02, 7.93037237e-01, 4.45442735e-02, 1.52246337e-01],\n",
       "       [9.64596779e-03, 8.48128170e-01, 3.71321573e-02, 1.05093705e-01],\n",
       "       [3.04347787e-02, 6.96481384e-01, 8.64769430e-02, 1.86606894e-01],\n",
       "       [1.25064369e-02, 5.34751937e-01, 7.24612537e-02, 3.80280372e-01],\n",
       "       [4.45846731e-03, 4.71413633e-02, 4.44975589e-02, 9.03902610e-01],\n",
       "       [1.96523149e-02, 2.39089987e-01, 1.45966719e-01, 5.95290980e-01],\n",
       "       [1.42646463e-02, 8.16146882e-01, 4.81798151e-02, 1.21408656e-01],\n",
       "       [1.77907590e-02, 5.61556352e-01, 8.63361628e-02, 3.34316727e-01],\n",
       "       [1.11710922e-02, 3.77105498e-01, 7.07632085e-02, 5.40960201e-01],\n",
       "       [6.07777848e-03, 3.87413607e-02, 7.66166658e-02, 8.78564195e-01],\n",
       "       [8.18311344e-03, 7.37460104e-01, 4.18009007e-02, 2.12555881e-01],\n",
       "       [8.09976914e-03, 7.89526060e-01, 3.88002053e-02, 1.63573965e-01],\n",
       "       [1.61025422e-02, 5.09010971e-01, 8.34969465e-02, 3.91389540e-01],\n",
       "       [1.38480856e-02, 1.03782125e-01, 1.45795829e-01, 7.36573961e-01],\n",
       "       [2.84806477e-03, 9.40648563e-01, 1.22868426e-02, 4.42165292e-02],\n",
       "       [9.56784044e-03, 7.98482923e-01, 4.16983443e-02, 1.50250892e-01],\n",
       "       [1.36531159e-02, 4.74254060e-01, 7.71285770e-02, 4.34964247e-01],\n",
       "       [9.20057080e-03, 9.61348770e-02, 8.81221683e-02, 8.06542384e-01],\n",
       "       [9.03940668e-03, 2.33556943e-01, 6.21917539e-02, 6.95211896e-01],\n",
       "       [1.93917454e-02, 4.08926733e-01, 1.05354959e-01, 4.66326563e-01],\n",
       "       [9.24195523e-03, 7.86473326e-02, 9.24033114e-02, 8.19707401e-01]])"
      ]
     },
     "execution_count": 43,
     "metadata": {},
     "output_type": "execute_result"
    }
   ],
   "source": [
    "U"
   ]
  },
  {
   "cell_type": "code",
   "execution_count": 44,
   "metadata": {},
   "outputs": [
    {
     "data": {
      "text/plain": [
       "array([[9.946e-01, 9.000e-04, 2.900e-03, 1.600e-03],\n",
       "       [9.626e-01, 6.200e-03, 2.040e-02, 1.070e-02],\n",
       "       [9.693e-01, 5.300e-03, 1.650e-02, 9.000e-03],\n",
       "       [9.489e-01, 8.500e-03, 2.790e-02, 1.470e-02],\n",
       "       [9.910e-01, 1.600e-03, 4.800e-03, 2.700e-03],\n",
       "       [8.951e-01, 1.810e-02, 5.560e-02, 3.120e-02],\n",
       "       [9.677e-01, 5.600e-03, 1.730e-02, 9.400e-03],\n",
       "       [9.994e-01, 1.000e-04, 3.000e-04, 2.000e-04],\n",
       "       [8.926e-01, 1.820e-02, 5.830e-02, 3.100e-02],\n",
       "       [9.733e-01, 4.400e-03, 1.460e-02, 7.700e-03],\n",
       "       [9.480e-01, 9.100e-03, 2.740e-02, 1.550e-02],\n",
       "       [9.871e-01, 2.100e-03, 7.000e-03, 3.700e-03],\n",
       "       [9.548e-01, 7.600e-03, 2.460e-02, 1.300e-02],\n",
       "       [8.833e-01, 2.100e-02, 6.120e-02, 3.450e-02],\n",
       "       [8.351e-01, 3.190e-02, 8.180e-02, 5.110e-02],\n",
       "       [7.685e-01, 4.510e-02, 1.139e-01, 7.250e-02],\n",
       "       [9.162e-01, 1.540e-02, 4.300e-02, 2.540e-02],\n",
       "       [9.943e-01, 1.000e-03, 3.000e-03, 1.700e-03],\n",
       "       [8.514e-01, 2.580e-02, 7.830e-02, 4.450e-02],\n",
       "       [9.653e-01, 6.100e-03, 1.830e-02, 1.030e-02],\n",
       "       [9.479e-01, 8.500e-03, 2.860e-02, 1.500e-02],\n",
       "       [9.740e-01, 4.500e-03, 1.390e-02, 7.700e-03],\n",
       "       [9.368e-01, 1.180e-02, 3.240e-02, 1.900e-02],\n",
       "       [9.643e-01, 5.600e-03, 2.000e-02, 1.010e-02],\n",
       "       [9.447e-01, 8.700e-03, 3.100e-02, 1.560e-02],\n",
       "       [9.578e-01, 6.800e-03, 2.350e-02, 1.190e-02],\n",
       "       [9.904e-01, 1.600e-03, 5.300e-03, 2.800e-03],\n",
       "       [9.887e-01, 1.900e-03, 6.100e-03, 3.300e-03],\n",
       "       [9.900e-01, 1.700e-03, 5.400e-03, 2.900e-03],\n",
       "       [9.673e-01, 5.300e-03, 1.800e-02, 9.300e-03],\n",
       "       [9.661e-01, 5.500e-03, 1.880e-02, 9.600e-03],\n",
       "       [9.575e-01, 7.100e-03, 2.300e-02, 1.240e-02],\n",
       "       [9.038e-01, 1.780e-02, 4.920e-02, 2.930e-02],\n",
       "       [8.544e-01, 2.770e-02, 7.300e-02, 4.490e-02],\n",
       "       [9.733e-01, 4.400e-03, 1.460e-02, 7.700e-03],\n",
       "       [9.776e-01, 3.900e-03, 1.190e-02, 6.600e-03],\n",
       "       [9.434e-01, 1.010e-02, 2.960e-02, 1.690e-02],\n",
       "       [9.733e-01, 4.400e-03, 1.460e-02, 7.700e-03],\n",
       "       [9.072e-01, 1.600e-02, 4.980e-02, 2.700e-02],\n",
       "       [9.971e-01, 5.000e-04, 1.500e-03, 8.000e-04],\n",
       "       [9.918e-01, 1.400e-03, 4.300e-03, 2.400e-03],\n",
       "       [7.781e-01, 3.750e-02, 1.206e-01, 6.380e-02],\n",
       "       [9.268e-01, 1.280e-02, 3.900e-02, 2.140e-02],\n",
       "       [9.642e-01, 5.800e-03, 1.960e-02, 1.030e-02],\n",
       "       [9.096e-01, 1.470e-02, 4.950e-02, 2.620e-02],\n",
       "       [9.565e-01, 7.200e-03, 2.380e-02, 1.250e-02],\n",
       "       [9.613e-01, 6.700e-03, 2.050e-02, 1.140e-02],\n",
       "       [9.600e-01, 6.800e-03, 2.160e-02, 1.160e-02],\n",
       "       [9.624e-01, 6.600e-03, 1.980e-02, 1.110e-02],\n",
       "       [9.961e-01, 7.000e-04, 2.100e-03, 1.100e-03],\n",
       "       [2.830e-02, 2.305e-01, 1.701e-01, 5.710e-01],\n",
       "       [1.790e-02, 8.500e-02, 1.950e-01, 7.022e-01],\n",
       "       [1.850e-02, 2.298e-01, 1.203e-01, 6.314e-01],\n",
       "       [1.490e-02, 1.880e-02, 8.955e-01, 7.080e-02],\n",
       "       [1.130e-02, 6.600e-02, 1.358e-01, 7.869e-01],\n",
       "       [1.540e-02, 3.920e-02, 6.756e-01, 2.698e-01],\n",
       "       [1.270e-02, 8.010e-02, 1.233e-01, 7.838e-01],\n",
       "       [1.543e-01, 5.920e-02, 6.383e-01, 1.482e-01],\n",
       "       [1.850e-02, 1.003e-01, 1.927e-01, 6.884e-01],\n",
       "       [2.590e-02, 2.560e-02, 8.591e-01, 8.940e-02],\n",
       "       [1.160e-01, 6.350e-02, 6.603e-01, 1.602e-01],\n",
       "       [1.880e-02, 4.220e-02, 6.617e-01, 2.773e-01],\n",
       "       [3.210e-02, 4.550e-02, 7.586e-01, 1.639e-01],\n",
       "       [9.100e-03, 4.350e-02, 1.603e-01, 7.871e-01],\n",
       "       [3.320e-02, 2.630e-02, 8.500e-01, 9.050e-02],\n",
       "       [2.770e-02, 1.264e-01, 2.397e-01, 6.062e-01],\n",
       "       [2.070e-02, 5.440e-02, 5.644e-01, 3.605e-01],\n",
       "       [9.800e-03, 1.400e-02, 9.148e-01, 6.140e-02],\n",
