{
 "cells": [
  {
   "cell_type": "markdown",
   "metadata": {},
   "source": [
    "# **Dataset Preparation & Preprocessing**"
   ]
  },
  {
   "cell_type": "markdown",
   "metadata": {},
   "source": [
    "## Load Data"
   ]
  },
  {
   "cell_type": "code",
   "execution_count": 75,
   "metadata": {},
   "outputs": [
    {
     "data": {
      "text/html": [
       "<div>\n",
       "<style scoped>\n",
       "    .dataframe tbody tr th:only-of-type {\n",
       "        vertical-align: middle;\n",
       "    }\n",
       "\n",
       "    .dataframe tbody tr th {\n",
       "        vertical-align: top;\n",
       "    }\n",
       "\n",
       "    .dataframe thead th {\n",
       "        text-align: right;\n",
       "    }\n",
       "</style>\n",
       "<table border=\"1\" class=\"dataframe\">\n",
       "  <thead>\n",
       "    <tr style=\"text-align: right;\">\n",
       "      <th></th>\n",
       "      <th>0</th>\n",
       "      <th>1</th>\n",
       "      <th>2</th>\n",
       "      <th>3</th>\n",
       "    </tr>\n",
       "  </thead>\n",
       "  <tbody>\n",
       "    <tr>\n",
       "      <th>0</th>\n",
       "      <td>5.1</td>\n",
       "      <td>3.5</td>\n",
       "      <td>1.4</td>\n",
       "      <td>0.2</td>\n",
       "    </tr>\n",
       "    <tr>\n",
       "      <th>1</th>\n",
       "      <td>4.9</td>\n",
       "      <td>3.0</td>\n",
       "      <td>1.4</td>\n",
       "      <td>0.2</td>\n",
       "    </tr>\n",
       "    <tr>\n",
       "      <th>2</th>\n",
       "      <td>4.7</td>\n",
       "      <td>3.2</td>\n",
       "      <td>1.3</td>\n",
       "      <td>0.2</td>\n",
       "    </tr>\n",
       "    <tr>\n",
       "      <th>3</th>\n",
       "      <td>4.6</td>\n",
       "      <td>3.1</td>\n",
       "      <td>1.5</td>\n",
       "      <td>0.2</td>\n",
       "    </tr>\n",
       "    <tr>\n",
       "      <th>4</th>\n",
       "      <td>5.0</td>\n",
       "      <td>3.6</td>\n",
       "      <td>1.4</td>\n",
       "      <td>0.2</td>\n",
       "    </tr>\n",
       "    <tr>\n",
       "      <th>...</th>\n",
       "      <td>...</td>\n",
       "      <td>...</td>\n",
       "      <td>...</td>\n",
       "      <td>...</td>\n",
       "    </tr>\n",
       "    <tr>\n",
       "      <th>145</th>\n",
       "      <td>6.7</td>\n",
       "      <td>3.0</td>\n",
       "      <td>5.2</td>\n",
       "      <td>2.3</td>\n",
       "    </tr>\n",
       "    <tr>\n",
       "      <th>146</th>\n",
       "      <td>6.3</td>\n",
       "      <td>2.5</td>\n",
       "      <td>5.0</td>\n",
       "      <td>1.9</td>\n",
       "    </tr>\n",
       "    <tr>\n",
       "      <th>147</th>\n",
       "      <td>6.5</td>\n",
       "      <td>3.0</td>\n",
       "      <td>5.2</td>\n",
       "      <td>2.0</td>\n",
       "    </tr>\n",
       "    <tr>\n",
       "      <th>148</th>\n",
       "      <td>6.2</td>\n",
       "      <td>3.4</td>\n",
       "      <td>5.4</td>\n",
       "      <td>2.3</td>\n",
       "    </tr>\n",
       "    <tr>\n",
       "      <th>149</th>\n",
       "      <td>5.9</td>\n",
       "      <td>3.0</td>\n",
       "      <td>5.1</td>\n",
       "      <td>1.8</td>\n",
       "    </tr>\n",
       "  </tbody>\n",
       "</table>\n",
       "<p>150 rows × 4 columns</p>\n",
       "</div>"
      ],
      "text/plain": [
       "       0    1    2    3\n",
       "0    5.1  3.5  1.4  0.2\n",
       "1    4.9  3.0  1.4  0.2\n",
       "2    4.7  3.2  1.3  0.2\n",
       "3    4.6  3.1  1.5  0.2\n",
       "4    5.0  3.6  1.4  0.2\n",
       "..   ...  ...  ...  ...\n",
       "145  6.7  3.0  5.2  2.3\n",
       "146  6.3  2.5  5.0  1.9\n",
       "147  6.5  3.0  5.2  2.0\n",
       "148  6.2  3.4  5.4  2.3\n",
       "149  5.9  3.0  5.1  1.8\n",
       "\n",
       "[150 rows x 4 columns]"
      ]
     },
     "execution_count": 75,
     "metadata": {},
     "output_type": "execute_result"
    }
   ],
   "source": [
    "import pandas as pd\n",
    "data = pd.read_csv('resources/iris.data', header = None)\n",
    "data = data.select_dtypes(include=[\"float64\", \"int64\"])\n",
    "index= data.index.to_numpy(dtype=\"int64\")\n",
    "data"
   ]
  },
  {
   "cell_type": "code",
   "execution_count": 76,
   "metadata": {},
   "outputs": [
    {
     "name": "stdout",
     "output_type": "stream",
     "text": [
      "(150, 4)\n"
     ]
    },
    {
     "data": {
      "text/plain": [
       "array([[5.1, 3.5, 1.4, 0.2],\n",
       "       [4.9, 3. , 1.4, 0.2],\n",
       "       [4.7, 3.2, 1.3, 0.2],\n",
       "       [4.6, 3.1, 1.5, 0.2],\n",
       "       [5. , 3.6, 1.4, 0.2],\n",
       "       [5.4, 3.9, 1.7, 0.4],\n",
       "       [4.6, 3.4, 1.4, 0.3],\n",
       "       [5. , 3.4, 1.5, 0.2],\n",
       "       [4.4, 2.9, 1.4, 0.2],\n",
       "       [4.9, 3.1, 1.5, 0.1],\n",
       "       [5.4, 3.7, 1.5, 0.2],\n",
       "       [4.8, 3.4, 1.6, 0.2],\n",
       "       [4.8, 3. , 1.4, 0.1],\n",
       "       [4.3, 3. , 1.1, 0.1],\n",
       "       [5.8, 4. , 1.2, 0.2],\n",
       "       [5.7, 4.4, 1.5, 0.4],\n",
       "       [5.4, 3.9, 1.3, 0.4],\n",
       "       [5.1, 3.5, 1.4, 0.3],\n",
       "       [5.7, 3.8, 1.7, 0.3],\n",
       "       [5.1, 3.8, 1.5, 0.3],\n",
       "       [5.4, 3.4, 1.7, 0.2],\n",
       "       [5.1, 3.7, 1.5, 0.4],\n",
       "       [4.6, 3.6, 1. , 0.2],\n",
       "       [5.1, 3.3, 1.7, 0.5],\n",
       "       [4.8, 3.4, 1.9, 0.2],\n",
       "       [5. , 3. , 1.6, 0.2],\n",
       "       [5. , 3.4, 1.6, 0.4],\n",
       "       [5.2, 3.5, 1.5, 0.2],\n",
       "       [5.2, 3.4, 1.4, 0.2],\n",
       "       [4.7, 3.2, 1.6, 0.2],\n",
       "       [4.8, 3.1, 1.6, 0.2],\n",
       "       [5.4, 3.4, 1.5, 0.4],\n",
       "       [5.2, 4.1, 1.5, 0.1],\n",
       "       [5.5, 4.2, 1.4, 0.2],\n",
       "       [4.9, 3.1, 1.5, 0.1],\n",
       "       [5. , 3.2, 1.2, 0.2],\n",
       "       [5.5, 3.5, 1.3, 0.2],\n",
       "       [4.9, 3.1, 1.5, 0.1],\n",
       "       [4.4, 3. , 1.3, 0.2],\n",
       "       [5.1, 3.4, 1.5, 0.2],\n",
       "       [5. , 3.5, 1.3, 0.3],\n",
       "       [4.5, 2.3, 1.3, 0.3],\n",
       "       [4.4, 3.2, 1.3, 0.2],\n",
       "       [5. , 3.5, 1.6, 0.6],\n",
       "       [5.1, 3.8, 1.9, 0.4],\n",
       "       [4.8, 3. , 1.4, 0.3],\n",
       "       [5.1, 3.8, 1.6, 0.2],\n",
       "       [4.6, 3.2, 1.4, 0.2],\n",
       "       [5.3, 3.7, 1.5, 0.2],\n",
       "       [5. , 3.3, 1.4, 0.2],\n",
       "       [7. , 3.2, 4.7, 1.4],\n",
       "       [6.4, 3.2, 4.5, 1.5],\n",
       "       [6.9, 3.1, 4.9, 1.5],\n",
       "       [5.5, 2.3, 4. , 1.3],\n",
       "       [6.5, 2.8, 4.6, 1.5],\n",
       "       [5.7, 2.8, 4.5, 1.3],\n",
       "       [6.3, 3.3, 4.7, 1.6],\n",
       "       [4.9, 2.4, 3.3, 1. ],\n",
       "       [6.6, 2.9, 4.6, 1.3],\n",
       "       [5.2, 2.7, 3.9, 1.4],\n",
       "       [5. , 2. , 3.5, 1. ],\n",
       "       [5.9, 3. , 4.2, 1.5],\n",
       "       [6. , 2.2, 4. , 1. ],\n",
       "       [6.1, 2.9, 4.7, 1.4],\n",
       "       [5.6, 2.9, 3.6, 1.3],\n",
       "       [6.7, 3.1, 4.4, 1.4],\n",
       "       [5.6, 3. , 4.5, 1.5],\n",
       "       [5.8, 2.7, 4.1, 1. ],\n",
       "       [6.2, 2.2, 4.5, 1.5],\n",
       "       [5.6, 2.5, 3.9, 1.1],\n",
       "       [5.9, 3.2, 4.8, 1.8],\n",
       "       [6.1, 2.8, 4. , 1.3],\n",
       "       [6.3, 2.5, 4.9, 1.5],\n",
       "       [6.1, 2.8, 4.7, 1.2],\n",
       "       [6.4, 2.9, 4.3, 1.3],\n",
       "       [6.6, 3. , 4.4, 1.4],\n",
       "       [6.8, 2.8, 4.8, 1.4],\n",
       "       [6.7, 3. , 5. , 1.7],\n",
       "       [6. , 2.9, 4.5, 1.5],\n",
       "       [5.7, 2.6, 3.5, 1. ],\n",
       "       [5.5, 2.4, 3.8, 1.1],\n",
       "       [5.5, 2.4, 3.7, 1. ],\n",
       "       [5.8, 2.7, 3.9, 1.2],\n",
       "       [6. , 2.7, 5.1, 1.6],\n",
       "       [5.4, 3. , 4.5, 1.5],\n",
       "       [6. , 3.4, 4.5, 1.6],\n",
       "       [6.7, 3.1, 4.7, 1.5],\n",
       "       [6.3, 2.3, 4.4, 1.3],\n",
       "       [5.6, 3. , 4.1, 1.3],\n",
       "       [5.5, 2.5, 4. , 1.3],\n",
       "       [5.5, 2.6, 4.4, 1.2],\n",
       "       [6.1, 3. , 4.6, 1.4],\n",
       "       [5.8, 2.6, 4. , 1.2],\n",
       "       [5. , 2.3, 3.3, 1. ],\n",
       "       [5.6, 2.7, 4.2, 1.3],\n",
       "       [5.7, 3. , 4.2, 1.2],\n",
       "       [5.7, 2.9, 4.2, 1.3],\n",
       "       [6.2, 2.9, 4.3, 1.3],\n",
       "       [5.1, 2.5, 3. , 1.1],\n",
       "       [5.7, 2.8, 4.1, 1.3],\n",
       "       [6.3, 3.3, 6. , 2.5],\n",
       "       [5.8, 2.7, 5.1, 1.9],\n",
       "       [7.1, 3. , 5.9, 2.1],\n",
       "       [6.3, 2.9, 5.6, 1.8],\n",
       "       [6.5, 3. , 5.8, 2.2],\n",
       "       [7.6, 3. , 6.6, 2.1],\n",
       "       [4.9, 2.5, 4.5, 1.7],\n",
       "       [7.3, 2.9, 6.3, 1.8],\n",
       "       [6.7, 2.5, 5.8, 1.8],\n",
       "       [7.2, 3.6, 6.1, 2.5],\n",
       "       [6.5, 3.2, 5.1, 2. ],\n",
       "       [6.4, 2.7, 5.3, 1.9],\n",
       "       [6.8, 3. , 5.5, 2.1],\n",
       "       [5.7, 2.5, 5. , 2. ],\n",
       "       [5.8, 2.8, 5.1, 2.4],\n",
       "       [6.4, 3.2, 5.3, 2.3],\n",
       "       [6.5, 3. , 5.5, 1.8],\n",
       "       [7.7, 3.8, 6.7, 2.2],\n",
       "       [7.7, 2.6, 6.9, 2.3],\n",
       "       [6. , 2.2, 5. , 1.5],\n",
       "       [6.9, 3.2, 5.7, 2.3],\n",
       "       [5.6, 2.8, 4.9, 2. ],\n",
       "       [7.7, 2.8, 6.7, 2. ],\n",
       "       [6.3, 2.7, 4.9, 1.8],\n",
       "       [6.7, 3.3, 5.7, 2.1],\n",
       "       [7.2, 3.2, 6. , 1.8],\n",
       "       [6.2, 2.8, 4.8, 1.8],\n",
       "       [6.1, 3. , 4.9, 1.8],\n",
       "       [6.4, 2.8, 5.6, 2.1],\n",
       "       [7.2, 3. , 5.8, 1.6],\n",
       "       [7.4, 2.8, 6.1, 1.9],\n",
       "       [7.9, 3.8, 6.4, 2. ],\n",
       "       [6.4, 2.8, 5.6, 2.2],\n",
       "       [6.3, 2.8, 5.1, 1.5],\n",
       "       [6.1, 2.6, 5.6, 1.4],\n",
       "       [7.7, 3. , 6.1, 2.3],\n",
       "       [6.3, 3.4, 5.6, 2.4],\n",
       "       [6.4, 3.1, 5.5, 1.8],\n",
       "       [6. , 3. , 4.8, 1.8],\n",
       "       [6.9, 3.1, 5.4, 2.1],\n",
       "       [6.7, 3.1, 5.6, 2.4],\n",
       "       [6.9, 3.1, 5.1, 2.3],\n",
       "       [5.8, 2.7, 5.1, 1.9],\n",
       "       [6.8, 3.2, 5.9, 2.3],\n",
       "       [6.7, 3.3, 5.7, 2.5],\n",
       "       [6.7, 3. , 5.2, 2.3],\n",
       "       [6.3, 2.5, 5. , 1.9],\n",
       "       [6.5, 3. , 5.2, 2. ],\n",
       "       [6.2, 3.4, 5.4, 2.3],\n",
       "       [5.9, 3. , 5.1, 1.8]])"
      ]
     },
     "execution_count": 76,
     "metadata": {},
     "output_type": "execute_result"
    }
   ],
   "source": [
    "import numpy as np\n",
    "X = np.array(data)\n",
    "n = X.shape[0]\n",
    "p = X.shape[1]\n",
    "print(X.shape)\n",
    "X"
   ]
  },
  {
   "cell_type": "markdown",
   "metadata": {},
   "source": [
    "## Generate U_ngang , V"
   ]
  },
  {
   "cell_type": "code",
   "execution_count": 92,
   "metadata": {},
   "outputs": [
    {
     "name": "stdout",
     "output_type": "stream",
     "text": [
      "[  0   4   7  16  20  21  22  23  24  30  35  36  38  40  47  53  56  61\n",
      "  67  73  74  84  87  90  91  94  95  98 101 102 104 108 112 115 116 117\n",
      " 119 121 124 126 127 128 134 135 138 139 142 144 146 149]\n",
      "0 : [0.  0.  0.5]\n",
      "1 : [0. 0. 0.]\n",
      "2 : [0. 0. 0.]\n",
      "3 : [0. 0. 0.]\n",
      "4 : [0.  0.  0.5]\n",
      "5 : [0. 0. 0.]\n",
      "6 : [0. 0. 0.]\n",
      "7 : [0.  0.  0.5]\n",
      "8 : [0. 0. 0.]\n",
      "9 : [0. 0. 0.]\n",
      "10 : [0. 0. 0.]\n",
      "11 : [0. 0. 0.]\n",
      "12 : [0. 0. 0.]\n",
      "13 : [0. 0. 0.]\n",
      "14 : [0. 0. 0.]\n",
      "15 : [0. 0. 0.]\n",
      "16 : [0.  0.5 0. ]\n",
      "17 : [0. 0. 0.]\n",
      "18 : [0. 0. 0.]\n",
      "19 : [0. 0. 0.]\n",
      "20 : [0.  0.5 0. ]\n",
      "21 : [0.  0.  0.5]\n",
      "22 : [0.  0.5 0. ]\n",
      "23 : [0.  0.  0.5]\n",
      "24 : [0.  0.  0.5]\n",
      "25 : [0. 0. 0.]\n",
      "26 : [0. 0. 0.]\n",
      "27 : [0. 0. 0.]\n",
      "28 : [0. 0. 0.]\n",
      "29 : [0. 0. 0.]\n",
      "30 : [0.5 0.  0. ]\n",
      "31 : [0. 0. 0.]\n",
      "32 : [0. 0. 0.]\n",
      "33 : [0. 0. 0.]\n",
      "34 : [0. 0. 0.]\n",
      "35 : [0.  0.5 0. ]\n",
      "36 : [0.  0.  0.5]\n",
      "37 : [0. 0. 0.]\n",
      "38 : [0.  0.  0.5]\n",
      "39 : [0. 0. 0.]\n",
      "40 : [0.  0.  0.5]\n",
      "41 : [0. 0. 0.]\n",
      "42 : [0. 0. 0.]\n",
      "43 : [0. 0. 0.]\n",
      "44 : [0. 0. 0.]\n",
      "45 : [0. 0. 0.]\n",
      "46 : [0. 0. 0.]\n",
      "47 : [0.  0.5 0. ]\n",
      "48 : [0. 0. 0.]\n",
      "49 : [0. 0. 0.]\n",
      "50 : [0. 0. 0.]\n",
      "51 : [0. 0. 0.]\n",
      "52 : [0. 0. 0.]\n",
      "53 : [0.5 0.  0. ]\n",
      "54 : [0. 0. 0.]\n",
      "55 : [0. 0. 0.]\n",
      "56 : [0.  0.  0.5]\n",
      "57 : [0. 0. 0.]\n",
      "58 : [0. 0. 0.]\n",
      "59 : [0. 0. 0.]\n",
      "60 : [0. 0. 0.]\n",
      "61 : [0.  0.5 0. ]\n",
      "62 : [0. 0. 0.]\n",
      "63 : [0. 0. 0.]\n",
      "64 : [0. 0. 0.]\n",
      "65 : [0. 0. 0.]\n",
      "66 : [0. 0. 0.]\n",
      "67 : [0.  0.5 0. ]\n",
      "68 : [0. 0. 0.]\n",
      "69 : [0. 0. 0.]\n",
      "70 : [0. 0. 0.]\n",
      "71 : [0. 0. 0.]\n",
      "72 : [0. 0. 0.]\n",
      "73 : [0.  0.5 0. ]\n",
      "74 : [0.  0.  0.5]\n",
      "75 : [0. 0. 0.]\n",
      "76 : [0. 0. 0.]\n",
      "77 : [0. 0. 0.]\n",
      "78 : [0. 0. 0.]\n",
      "79 : [0. 0. 0.]\n",
      "80 : [0. 0. 0.]\n",
      "81 : [0. 0. 0.]\n",
      "82 : [0. 0. 0.]\n",
      "83 : [0. 0. 0.]\n",
      "84 : [0.5 0.  0. ]\n",
      "85 : [0. 0. 0.]\n",
      "86 : [0. 0. 0.]\n",
      "87 : [0.  0.  0.5]\n",
      "88 : [0. 0. 0.]\n",
      "89 : [0. 0. 0.]\n",
      "90 : [0.  0.5 0. ]\n",
      "91 : [0.  0.  0.5]\n",
      "92 : [0. 0. 0.]\n",
      "93 : [0. 0. 0.]\n",
      "94 : [0.  0.  0.5]\n",
      "95 : [0.  0.  0.5]\n",
      "96 : [0. 0. 0.]\n",
      "97 : [0. 0. 0.]\n",
      "98 : [0.  0.5 0. ]\n",
      "99 : [0. 0. 0.]\n",
      "100 : [0. 0. 0.]\n",
      "101 : [0.  0.5 0. ]\n",
      "102 : [0.  0.  0.5]\n",
      "103 : [0. 0. 0.]\n",
      "104 : [0.  0.  0.5]\n",
      "105 : [0. 0. 0.]\n",
      "106 : [0. 0. 0.]\n",
      "107 : [0. 0. 0.]\n",
      "108 : [0.  0.5 0. ]\n",
      "109 : [0. 0. 0.]\n",
      "110 : [0. 0. 0.]\n",
      "111 : [0. 0. 0.]\n",
      "112 : [0.  0.  0.5]\n",
      "113 : [0. 0. 0.]\n",
      "114 : [0. 0. 0.]\n",
      "115 : [0.  0.5 0. ]\n",
      "116 : [0.5 0.  0. ]\n",
      "117 : [0.5 0.  0. ]\n",
      "118 : [0. 0. 0.]\n",
      "119 : [0.5 0.  0. ]\n",
      "120 : [0. 0. 0.]\n",
      "121 : [0.  0.  0.5]\n",
      "122 : [0. 0. 0.]\n",
      "123 : [0. 0. 0.]\n",
      "124 : [0.5 0.  0. ]\n",
      "125 : [0. 0. 0.]\n",
      "126 : [0.  0.  0.5]\n",
      "127 : [0.  0.  0.5]\n",
      "128 : [0.  0.5 0. ]\n",
      "129 : [0. 0. 0.]\n",
      "130 : [0. 0. 0.]\n",
      "131 : [0. 0. 0.]\n",
      "132 : [0. 0. 0.]\n",
      "133 : [0. 0. 0.]\n",
      "134 : [0.5 0.  0. ]\n",
      "135 : [0.5 0.  0. ]\n",
      "136 : [0. 0. 0.]\n",
      "137 : [0. 0. 0.]\n",
      "138 : [0.  0.  0.5]\n",
      "139 : [0.  0.  0.5]\n",
      "140 : [0. 0. 0.]\n",
      "141 : [0. 0. 0.]\n",
      "142 : [0.  0.5 0. ]\n",
      "143 : [0. 0. 0.]\n",
      "144 : [0.  0.5 0. ]\n",
      "145 : [0. 0. 0.]\n",
      "146 : [0.5 0.  0. ]\n",
      "147 : [0. 0. 0.]\n",
      "148 : [0. 0. 0.]\n",
      "149 : [0.  0.  0.5]\n"
     ]
    }
   ],
   "source": [
    "from random import random\n",
    "import random\n",
    "c=3   #value of c \n",
    "k1 = 50\n",
    "choose = random.sample(range(n),k1)# CHọn k1 vector x từ n vector x ban đầu  \n",
    "print(np.sort(choose))\n",
    "U_ngang = np.zeros((n,c))\n",
    "for i in range(k1):\n",
    "    c1= random.randint(0,c-1)                    #Chọn vị trí cụm giám sát\n",
    "    U_ngang[choose[i]][c1] = 0.5    \n",
    "sum_i = sum(U_ngang.T)\n",
    "#Maxtrix U_ngang\n",
    "for i in range(n):\n",
    "    print(str(i) +\" : \"+ str(U_ngang[i]))"
   ]
  },
  {
   "cell_type": "code",
   "execution_count": 78,
   "metadata": {},
   "outputs": [
    {
     "data": {
      "text/plain": [
       "array([[0.77872417, 0.50392069, 0.89685041, 0.88676313],\n",
       "       [0.31534176, 0.05414124, 0.81752417, 0.23270874],\n",
       "       [0.22126609, 0.73309178, 0.27884934, 0.93844955]])"
      ]
     },
     "execution_count": 78,
     "metadata": {},
     "output_type": "execute_result"
    }
   ],
   "source": [
    "#Maxtrix V sinh ngau nhien\n",
    "V = np.random.rand(c,p)\n",
    "V_truoc = V\n",
    "V"
   ]
  },
  {
   "cell_type": "markdown",
   "metadata": {},
   "source": [
    "## Function 4 ,6"
   ]
  },
  {
   "cell_type": "code",
   "execution_count": 79,
   "metadata": {},
   "outputs": [
    {
     "data": {
      "text/plain": [
       "28.374719109278978"
      ]
     },
     "execution_count": 79,
     "metadata": {},
     "output_type": "execute_result"
    }
   ],
   "source": [
    "# Tinh d_ki (trong cong thuc 6)\n",
    "def d_ki(k, i):\n",
    "    kq = sum(  pow(X[k] - V[i], 2) )\n",
    "    return kq     \n",
    "d_ki(0,0)"
   ]
  },
  {
   "cell_type": "code",
   "execution_count": 80,
   "metadata": {},
   "outputs": [],
   "source": [
    "#Cong thuc so 6\n",
    "\n",
    "U = np.zeros((n,c))  # Maxtrix U\n",
    "\n",
    "\n",
    "def cong_thuc_6(m):\n",
    "    \n",
    "    Z = np.zeros((n,c))\n",
    "    #tu day suy ra U = U_ngang + Z ta tinh Z\n",
    "\n",
    "    D = np.zeros((n,c))\n",
    "    for k in range(n):\n",
    "        for i in range(c):\n",
    "            D[k][i] = pow(d_ki(k,i),1/(1-m))\n",
    "            D[k] = D[k]/sum(D[k])    \n",
    "     \n",
    "\n",
    "    #Z = (1/d_ki)^1/m-1z = np.array (i = 1 ,c)\n",
    "    for i in range(n) :\n",
    "        Z[i] = (1 - sum_i[i])*D[i]\n",
    "        \n",
    "    return U_ngang+Z  # tuc la U  "
   ]
  },
  {
   "cell_type": "code",
   "execution_count": 81,
   "metadata": {},
   "outputs": [],
   "source": [
    "def cong_thuc_4(m):\n",
    "    global V, V_truoc\n",
    "    V_truoc = V\n",
    "    print(\"V_truoc:\")\n",
    "    print(V_truoc)\n",
    "    V_temp = np.zeros((c,p))\n",
    "    U_temp = abs(U - U_ngang)\n",
    "    U_temp = pow(U_temp,1/(m-1))\n",
    "    mau_so_array= sum(U_temp.T)\n",
    "    for i in range(c):\n",
    "       tu_so = np.zeros(p)\n",
    "       for k in range(n):\n",
    "           tu_so +=U_temp[k][i] * X[k] \n",
    "       V_temp[i] = tu_so/ sum(mau_so_array)\n",
    "    print(\"V_sau:\")\n",
    "    print(V_temp)\n",
    "    return V_temp"
   ]
  },
  {
   "cell_type": "code",
   "execution_count": 82,
   "metadata": {},
   "outputs": [],
   "source": [
    "def thuat_toan(epsilon,m):\n",
    "    global U,V\n",
    "    Epsilon = np.zeros((c,p)) + epsilon\n",
    "    i=1\n",
    "    while True:\n",
    "        print(\"-----------------------\\nChay lan \"+ str(i)+\"\\n\")\n",
    "        i+=1\n",
    "        U= cong_thuc_6(m)\n",
    "        V= cong_thuc_4(m)\n",
    "        delta_V = abs(V- V_truoc)\n",
    "        ktra = np.less_equal(delta_V, Epsilon)\n",
    "        if (np.all(ktra)):\n",
    "            break\n",
    "    print(\"\\n------------------------------------\\nKetqua\\n\")\n",
    "    print(V)\n",
    "    return"
   ]
  },
  {
   "cell_type": "markdown",
   "metadata": {},
   "source": [
    "# **Đánh giá kết quả**"
   ]
  },
  {
   "cell_type": "code",
   "execution_count": null,
   "metadata": {},
   "outputs": [],
   "source": []
  },
  {
   "cell_type": "markdown",
   "metadata": {},
   "source": [
    "# **Main**"
   ]
  },
  {
   "cell_type": "code",
   "execution_count": 83,
   "metadata": {},
   "outputs": [
    {
     "name": "stdout",
     "output_type": "stream",
     "text": [
      "-----------------------\n",
      "Chay lan 1\n",
      "\n",
      "V_truoc:\n",
      "[[0.77872417 0.50392069 0.89685041 0.88676313]\n",
      " [0.31534176 0.05414124 0.81752417 0.23270874]\n",
      " [0.22126609 0.73309178 0.27884934 0.93844955]]\n",
      "V_sau:\n",
      "[[5.65855421 2.92665572 3.70060937 1.18562636]\n",
      " [0.11176645 0.06113929 0.06509668 0.01967451]\n",
      " [0.11567934 0.063805   0.06629395 0.01989913]]\n",
      "-----------------------\n",
      "Chay lan 2\n",
      "\n",
      "V_truoc:\n",
      "[[5.65855421 2.92665572 3.70060937 1.18562636]\n",
      " [0.11176645 0.06113929 0.06509668 0.01967451]\n",
      " [0.11567934 0.063805   0.06629395 0.01989913]]\n",
      "V_sau:\n",
      "[[5.68618721 2.94167188 3.71696359 1.19061317]\n",
      " [0.09885351 0.05435162 0.05699154 0.01714805]\n",
      " [0.10095928 0.0555765  0.05804487 0.01743878]]\n",
      "-----------------------\n",
      "Chay lan 3\n",
      "\n",
      "V_truoc:\n",
      "[[5.68618721 2.94167188 3.71696359 1.19061317]\n",
      " [0.09885351 0.05435162 0.05699154 0.01714805]\n",
      " [0.10095928 0.0555765  0.05804487 0.01743878]]\n",
      "V_sau:\n",
      "[[5.68712226 2.94219943 3.7174699  1.19076002]\n",
      " [0.09842452 0.05411026 0.0567577  0.01707996]\n",
      " [0.10045322 0.05529031 0.0577724  0.01736001]]\n",
      "-----------------------\n",
      "Chay lan 4\n",
      "\n",
      "V_truoc:\n",
      "[[5.68712226 2.94219943 3.7174699  1.19076002]\n",
      " [0.09842452 0.05411026 0.0567577  0.01707996]\n",
      " [0.10045322 0.05529031 0.0577724  0.01736001]]\n",
      "V_sau:\n",
      "[[5.68715344 2.94221706 3.71748671 1.19076489]\n",
      " [0.09841057 0.05410239 0.05675014 0.01707777]\n",
      " [0.10043599 0.05528056 0.05776314 0.01735734]]\n",
      "-----------------------\n",
      "Chay lan 5\n",
      "\n",
      "V_truoc:\n",
      "[[5.68715344 2.94221706 3.71748671 1.19076489]\n",
      " [0.09841057 0.05410239 0.05675014 0.01707777]\n",
      " [0.10043599 0.05528056 0.05776314 0.01735734]]\n",
      "V_sau:\n",
      "[[5.68715448 2.94221764 3.71748727 1.19076505]\n",
      " [0.09841012 0.05410213 0.0567499  0.0170777 ]\n",
      " [0.10043541 0.05528022 0.05776283 0.01735725]]\n",
      "-----------------------\n",
      "Chay lan 6\n",
      "\n",
      "V_truoc:\n",
      "[[5.68715448 2.94221764 3.71748727 1.19076505]\n",
      " [0.09841012 0.05410213 0.0567499  0.0170777 ]\n",
      " [0.10043541 0.05528022 0.05776283 0.01735725]]\n",
      "V_sau:\n",
      "[[5.68715451 2.94221766 3.71748729 1.19076506]\n",
      " [0.0984101  0.05410212 0.05674989 0.0170777 ]\n",
      " [0.10043539 0.05528021 0.05776282 0.01735724]]\n",
      "-----------------------\n",
      "Chay lan 7\n",
      "\n",
      "V_truoc:\n",
      "[[5.68715451 2.94221766 3.71748729 1.19076506]\n",
      " [0.0984101  0.05410212 0.05674989 0.0170777 ]\n",
      " [0.10043539 0.05528021 0.05776282 0.01735724]]\n",
      "V_sau:\n",
      "[[5.68715451 2.94221766 3.71748729 1.19076506]\n",
      " [0.0984101  0.05410212 0.05674989 0.0170777 ]\n",
      " [0.10043539 0.05528021 0.05776282 0.01735724]]\n",
      "-----------------------\n",
      "Chay lan 8\n",
      "\n",
      "V_truoc:\n",
      "[[5.68715451 2.94221766 3.71748729 1.19076506]\n",
      " [0.0984101  0.05410212 0.05674989 0.0170777 ]\n",
      " [0.10043539 0.05528021 0.05776282 0.01735724]]\n",
      "V_sau:\n",
      "[[5.68715451 2.94221766 3.71748729 1.19076506]\n",
      " [0.0984101  0.05410212 0.05674989 0.0170777 ]\n",
      " [0.10043539 0.05528021 0.05776282 0.01735724]]\n",
      "\n",
      "------------------------------------\n",
      "Ketqua\n",
      "\n",
      "[[5.68715451 2.94221766 3.71748729 1.19076506]\n",
      " [0.0984101  0.05410212 0.05674989 0.0170777 ]\n",
      " [0.10043539 0.05528021 0.05776282 0.01735724]]\n"
     ]
    }
   ],
   "source": [
    "thuat_toan(1e-9, 2)"
   ]
  },
  {
   "cell_type": "code",
   "execution_count": 85,
   "metadata": {},
   "outputs": [
    {
     "name": "stdout",
     "output_type": "stream",
     "text": [
      "[[0.97513592 0.01226857 0.01259551]\n",
      " [0.4714808  0.01404414 0.51447507]\n",
      " [0.47071197 0.01441671 0.51487132]\n",
      " [0.93967144 0.02968174 0.03064683]\n",
      " [0.94990941 0.02471357 0.02537702]\n",
      " [0.97882838 0.01046741 0.01070421]\n",
      " [0.47129456 0.51413444 0.01457101]\n",
      " [0.94849114 0.02540349 0.02610537]\n",
      " [0.93319026 0.03281191 0.03399783]\n",
      " [0.94431291 0.02743293 0.02825416]\n",
      " [0.47778024 0.51097945 0.01124031]\n",
      " [0.97312326 0.01324716 0.01362958]\n",
      " [0.9413277  0.02887999 0.02979231]\n",
      " [0.96542522 0.01696965 0.01760513]\n",
      " [0.96071215 0.01944025 0.0198476 ]\n",
      " [0.48147494 0.50917196 0.00935311]\n",
      " [0.97829814 0.01072656 0.0109753 ]\n",
      " [0.47516467 0.01225457 0.51258076]\n",
      " [0.95974033 0.01991581 0.02034386]\n",
      " [0.95316223 0.02312902 0.02370876]\n",
      " [0.9540495  0.02269622 0.02325428]\n",
      " [0.95241287 0.02349428 0.02409285]\n",
      " [0.94326866 0.02793969 0.02879165]\n",
      " [0.97498493 0.012342   0.01267307]\n",
      " [0.94767459 0.02580039 0.02652502]\n",
      " [0.94537159 0.02691911 0.0277093 ]\n",
      " [0.97451571 0.01257033 0.01291396]\n",
      " [0.95181551 0.02378536 0.02439913]\n",
      " [0.95067777 0.02433951 0.02498272]\n",
      " [0.942823   0.02815541 0.02902159]\n",
      " [0.47166343 0.51395556 0.01438101]\n",
      " [0.95351128 0.02295876 0.02352997]\n",
      " [0.95649746 0.0215014  0.02200114]\n",
      " [0.95975152 0.01991044 0.02033803]\n",
      " [0.94431291 0.02743293 0.02825416]\n",
      " [0.94558547 0.02681543 0.0275991 ]\n",
      " [0.95466909 0.02239403 0.02293688]\n",
      " [0.97215646 0.01371646 0.01412708]\n",
      " [0.96694889 0.01623542 0.01681569]\n",
      " [0.47488587 0.01239026 0.51272388]\n",
      " [0.94873998 0.02528253 0.02597749]\n",
      " [0.46368956 0.01780424 0.5185062 ]\n",
      " [0.9364554  0.03123655 0.03230806]\n",
      " [0.97506974 0.01230075 0.01262952]\n",
      " [0.47731456 0.01120671 0.51147873]\n",
      " [0.94145325 0.02881915 0.0297276 ]\n",
      " [0.95343697 0.02299503 0.02356799]\n",
      " [0.47014232 0.51469251 0.01516516]\n",
      " [0.95449894 0.02247702 0.02302404]\n",
      " [0.94721678 0.026023   0.02676022]\n",
      " [0.97575204 0.01204619 0.01220177]\n",
      " [0.97261412 0.01359382 0.01379206]\n",
      " [0.97580907 0.01201806 0.01217287]\n",
      " [0.98109756 0.0093569  0.00954554]\n",
      " [0.9725436  0.0136286  0.0138278 ]\n",
      " [0.96763272 0.01604535 0.01632193]\n",
      " [0.97316979 0.01331997 0.01351024]\n",
      " [0.47592301 0.51188521 0.01219179]\n",
      " [0.97302355 0.01339205 0.0135844 ]\n",
      " [0.48046772 0.00966541 0.50986688]\n",
      " [0.95252147 0.02344137 0.02403716]\n",
      " [0.48417384 0.00784693 0.50797923]\n",
      " [0.48258892 0.00862551 0.50878557]\n",
      " [0.97104535 0.0143666  0.01458805]\n",
      " [0.96299955 0.01831942 0.01868102]\n",
      " [0.97337466 0.01321895 0.01340639]\n",
      " [0.48396713 0.00794857 0.5080843 ]\n",
      " [0.98284976 0.00849745 0.00865279]\n",
      " [0.96935331 0.01519939 0.0154473 ]\n",
      " [0.48137099 0.50922287 0.00940614]\n",
      " [0.48585876 0.0070178  0.50712344]\n",
      " [0.98393277 0.00796543 0.0081018 ]\n",
      " [0.97205964 0.0138671  0.01407326]\n",
      " [0.97058885 0.01459135 0.0148198 ]\n",
      " [0.97099059 0.01439353 0.01461589]\n",
      " [0.97268033 0.01356119 0.01375848]\n",
      " [0.97447136 0.01267817 0.01285047]\n",
      " [0.9753111  0.01226386 0.01242504]\n",
      " [0.9698582  0.01495093 0.01519087]\n",
      " [0.96166253 0.01897462 0.01936284]\n",
      " [0.48052664 0.50963654 0.00983681]\n",
      " [0.96032313 0.01963055 0.02004631]\n",
      " [0.96501315 0.01733179 0.01765505]\n",
      " [0.97193081 0.01393059 0.01413861]\n",
      " [0.96678392 0.01646243 0.01675366]\n",
      " [0.9713281  0.01422735 0.01444455]\n",
      " [0.48719565 0.00635882 0.50644553]\n",
      " [0.98473222 0.00757235 0.00769544]\n",
      " [0.482884   0.50848064 0.00863536]\n",
      " [0.96285376 0.01839097 0.01875527]\n",
      " [0.96516144 0.0172591  0.01757946]\n",
      " [0.97090235 0.014437   0.01466066]\n",
      " [0.98258562 0.00862711 0.00878727]\n",
      " [0.95243124 0.02348525 0.02408351]\n",
      " [0.96525744 0.01721194 0.01753062]\n",
      " [0.96672591 0.01649085 0.01678323]\n",
      " [0.98327042 0.00829089 0.0084387 ]\n",
      " [0.96990809 0.01492635 0.01516556]\n",
      " [0.95274494 0.02333229 0.02392277]\n",
      " [0.96575157 0.01696935 0.01727908]\n",
      " [0.97825197 0.01081148 0.01093655]\n",
      " [0.97141714 0.01418362 0.01439925]\n",
      " [0.98976051 0.00509198 0.00514751]\n",
      " [0.97559379 0.01212441 0.01228181]\n",
      " [0.97749996 0.01118309 0.01131695]\n",
      " [0.98239145 0.00876315 0.0088454 ]\n",
      " [0.98116747 0.00932271 0.00950982]\n",
      " [0.98069436 0.00960345 0.00970219]\n",
      " [0.48853309 0.0056987  0.50576821]\n",
      " [0.98133784 0.00928491 0.00937726]\n",
      " [0.97552743 0.01215711 0.01231547]\n",
      " [0.97475683 0.01253741 0.01270576]\n",
      " [0.9887687  0.00558228 0.00564902]\n",
      " [0.97024337 0.01476151 0.01499512]\n",
      " [0.97246836 0.01366579 0.01386584]\n",
      " [0.4880655  0.00592959 0.5060049 ]\n",
      " [0.48808772 0.50591862 0.00599365]\n",
      " [0.49181594 0.50407423 0.00410983]\n",
      " [0.98301973 0.0084519  0.00852837]\n",
      " [0.9703933  0.0146877  0.014919  ]\n",
      " [0.97887959 0.01050116 0.01061925]\n",
      " [0.97000621 0.01487819 0.0151156 ]\n",
      " [0.99129414 0.00433282 0.00437304]\n",
      " [0.97281823 0.0134933  0.01368846]\n",
      " [0.97820898 0.01083268 0.01095834]\n",
      " [0.98006145 0.00991661 0.01002194]\n",
      " [0.97219489 0.01380045 0.01400466]\n",
      " [0.97253341 0.01363366 0.01383294]\n",
      " [0.9761328  0.01185833 0.01200887]\n",
      " [0.97918401 0.01035062 0.01046537]\n",
      " [0.98046822 0.00971536 0.00981642]\n",
      " [0.98340803 0.0082594  0.00833257]\n",
      " [0.97625367 0.01179866 0.01194767]\n",
      " [0.97337421 0.01321925 0.01340654]\n",
      " [0.97389815 0.01296098 0.01314087]\n",
      " [0.98176377 0.00907401 0.00916222]\n",
      " [0.48857675 0.50567712 0.00574613]\n",
      " [0.97598347 0.01193202 0.01208451]\n",
      " [0.97169832 0.01404507 0.01425662]\n",
      " [0.9777549  0.01105707 0.01118802]\n",
      " [0.97795997 0.01095576 0.01108427]\n",
      " [0.48859294 0.5056691  0.00573796]\n",
      " [0.98570857 0.00709181 0.00719962]\n",
      " [0.48954435 0.50519889 0.00525676]\n",
      " [0.9786341  0.01062255 0.01074335]\n",
      " [0.97658198 0.0116365  0.01178152]\n",
      " [0.97293849 0.01343406 0.01362745]\n",
      " [0.97546752 0.01218669 0.01234579]\n",
      " [0.97609576 0.0118766  0.01202765]\n",
      " [0.48619406 0.50685263 0.0069533 ]]\n",
      "U_ngang\n",
      "[[0.5 0.  0. ]\n",
      " [0.  0.  0.5]\n",
      " [0.  0.  0.5]\n",
      " [0.  0.  0. ]\n",
      " [0.  0.  0. ]\n",
      " [0.5 0.  0. ]\n",
      " [0.  0.5 0. ]\n",
      " [0.  0.  0. ]\n",
      " [0.  0.  0. ]\n",
      " [0.  0.  0. ]\n",
      " [0.  0.5 0. ]\n",
      " [0.5 0.  0. ]\n",
      " [0.  0.  0. ]\n",
      " [0.5 0.  0. ]\n",
      " [0.  0.  0. ]\n",
      " [0.  0.5 0. ]\n",
      " [0.5 0.  0. ]\n",
      " [0.  0.  0.5]\n",
      " [0.  0.  0. ]\n",
      " [0.  0.  0. ]\n",
      " [0.  0.  0. ]\n",
      " [0.  0.  0. ]\n",
      " [0.  0.  0. ]\n",
      " [0.5 0.  0. ]\n",
      " [0.  0.  0. ]\n",
      " [0.  0.  0. ]\n",
      " [0.5 0.  0. ]\n",
      " [0.  0.  0. ]\n",
      " [0.  0.  0. ]\n",
      " [0.  0.  0. ]\n",
      " [0.  0.5 0. ]\n",
      " [0.  0.  0. ]\n",
      " [0.  0.  0. ]\n",
      " [0.  0.  0. ]\n",
      " [0.  0.  0. ]\n",
      " [0.  0.  0. ]\n",
      " [0.  0.  0. ]\n",
      " [0.5 0.  0. ]\n",
      " [0.5 0.  0. ]\n",
      " [0.  0.  0.5]\n",
      " [0.  0.  0. ]\n",
      " [0.  0.  0.5]\n",
      " [0.  0.  0. ]\n",
      " [0.5 0.  0. ]\n",
      " [0.  0.  0.5]\n",
      " [0.  0.  0. ]\n",
      " [0.  0.  0. ]\n",
      " [0.  0.5 0. ]\n",
      " [0.  0.  0. ]\n",
      " [0.  0.  0. ]\n",
      " [0.  0.  0. ]\n",
      " [0.  0.  0. ]\n",
      " [0.  0.  0. ]\n",
      " [0.5 0.  0. ]\n",
      " [0.  0.  0. ]\n",
      " [0.  0.  0. ]\n",
      " [0.  0.  0. ]\n",
      " [0.  0.5 0. ]\n",
      " [0.  0.  0. ]\n",
      " [0.  0.  0.5]\n",
      " [0.  0.  0. ]\n",
      " [0.  0.  0.5]\n",
      " [0.  0.  0.5]\n",
      " [0.  0.  0. ]\n",
      " [0.  0.  0. ]\n",
      " [0.  0.  0. ]\n",
      " [0.  0.  0.5]\n",
      " [0.5 0.  0. ]\n",
      " [0.  0.  0. ]\n",
      " [0.  0.5 0. ]\n",
      " [0.  0.  0.5]\n",
      " [0.5 0.  0. ]\n",
      " [0.  0.  0. ]\n",
      " [0.  0.  0. ]\n",
      " [0.  0.  0. ]\n",
      " [0.  0.  0. ]\n",
      " [0.  0.  0. ]\n",
      " [0.  0.  0. ]\n",
      " [0.  0.  0. ]\n",
      " [0.  0.  0. ]\n",
      " [0.  0.5 0. ]\n",
      " [0.  0.  0. ]\n",
      " [0.  0.  0. ]\n",
      " [0.  0.  0. ]\n",
      " [0.  0.  0. ]\n",
      " [0.  0.  0. ]\n",
      " [0.  0.  0.5]\n",
      " [0.5 0.  0. ]\n",
      " [0.  0.5 0. ]\n",
      " [0.  0.  0. ]\n",
      " [0.  0.  0. ]\n",
      " [0.  0.  0. ]\n",
      " [0.5 0.  0. ]\n",
      " [0.  0.  0. ]\n",
      " [0.  0.  0. ]\n",
      " [0.  0.  0. ]\n",
      " [0.5 0.  0. ]\n",
      " [0.  0.  0. ]\n",
      " [0.  0.  0. ]\n",
      " [0.  0.  0. ]\n",
      " [0.  0.  0. ]\n",
      " [0.  0.  0. ]\n",
      " [0.5 0.  0. ]\n",
      " [0.  0.  0. ]\n",
      " [0.  0.  0. ]\n",
      " [0.  0.  0. ]\n",
      " [0.5 0.  0. ]\n",
      " [0.  0.  0. ]\n",
      " [0.  0.  0.5]\n",
      " [0.  0.  0. ]\n",
      " [0.  0.  0. ]\n",
      " [0.  0.  0. ]\n",
      " [0.5 0.  0. ]\n",
      " [0.  0.  0. ]\n",
      " [0.  0.  0. ]\n",
      " [0.  0.  0.5]\n",
      " [0.  0.5 0. ]\n",
      " [0.  0.5 0. ]\n",
      " [0.  0.  0. ]\n",
      " [0.  0.  0. ]\n",
      " [0.  0.  0. ]\n",
      " [0.  0.  0. ]\n",
      " [0.5 0.  0. ]\n",
      " [0.  0.  0. ]\n",
      " [0.  0.  0. ]\n",
      " [0.  0.  0. ]\n",
      " [0.  0.  0. ]\n",
      " [0.  0.  0. ]\n",
      " [0.  0.  0. ]\n",
      " [0.  0.  0. ]\n",
      " [0.  0.  0. ]\n",
      " [0.  0.  0. ]\n",
      " [0.  0.  0. ]\n",
      " [0.  0.  0. ]\n",
      " [0.  0.  0. ]\n",
      " [0.  0.  0. ]\n",
      " [0.  0.5 0. ]\n",
      " [0.  0.  0. ]\n",
      " [0.  0.  0. ]\n",
      " [0.  0.  0. ]\n",
      " [0.  0.  0. ]\n",
      " [0.  0.5 0. ]\n",
      " [0.5 0.  0. ]\n",
      " [0.  0.5 0. ]\n",
      " [0.  0.  0. ]\n",
      " [0.  0.  0. ]\n",
      " [0.  0.  0. ]\n",
      " [0.  0.  0. ]\n",
      " [0.  0.  0. ]\n",
      " [0.  0.5 0. ]]\n"
     ]
    }
   ],
   "source": [
    "print(U)\n",
    "print(\"U_ngang\")\n",
    "print(U_ngang)"
   ]
  },
  {
   "cell_type": "code",
   "execution_count": null,
   "metadata": {},
   "outputs": [],
   "source": []
  }
 ],
 "metadata": {
  "interpreter": {
   "hash": "dcacb0086e9a4f4eabd41c33bf4faac5ea0a3337ed3f5eff0680afa930572c04"
  },
  "kernelspec": {
   "display_name": "Python 3.9.1 64-bit",
   "name": "python3"
  },
  "language_info": {
   "codemirror_mode": {
    "name": "ipython",
    "version": 3
   },
   "file_extension": ".py",
   "mimetype": "text/x-python",
   "name": "python",
   "nbconvert_exporter": "python",
   "pygments_lexer": "ipython3",
   "version": "3.9.1"
  },
  "orig_nbformat": 4
 },
 "nbformat": 4,
 "nbformat_minor": 2
}
